#libraryId	allReadsCount	mappedReadsCount	minReadLength	maxReadLength
DRX049652	41014848	27034904	50	50
DRX049653	40422137	26910865	50	50
DRX049654	30282650	19834533	50	50
DRX049656	34584607	23638701	50	50
DRX049657	36652823	25613977	50	50
DRX049658	37505004	26892000	50	50
ERX117850	7111639	3919597	81	81
ERX117851	7982171	4544573	81	81
ERX240868	14576462	9240952	51	51
ERX240897	16521758	10501126	51	51
ERX167051	4399263	2211704	36	36
ERX167052	9600923	5604068	36	36
ERX167053	10057722	5735558	36	36
ERX167054	5623577	3320668	36	36
ERX167055	12786573	7400318	36	36
ERX167056	12541682	7175282	36	36
ERX167057	6060058	2911619	36	36
ERX167058	9837291	5605017	36	36
ERX167059	6091061	3521489	36	36
ERX167060	8359838	4923317	36	36
ERX167061	12394509	7413275	36	36
ERX167062	8294771	4872058	36	36
ERX167063	5560279	3323296	36	36
ERX167064	4144910	1996087	36	36
ERX167065	12412066	6805570	36	36
ERX167066	4111181	2352363	36	36
ERX167067	6588593	3563020	36	36
ERX167068	4821309	2738616	36	36
ERX167069	2977163	1642728	36	36
ERX167070	5756547	3385260	36	36
ERX167071	4336054	2197180	36	36
ERX167072	10901835	6150840	36	36
ERX167073	9594278	4939597	36	36
ERX167074	5659800	3276499	36	36
ERX167075	4395066	2404607	36	36
ERX167076	10199102	5983657	36	36
ERX167077	4621478	2448608	36	36
ERX167078	10901739	6315992	36	36
ERX167079	10077045	4479377	36	36
ERX167080	10086527	5995757	36	36
ERX167081	4603440	2841493	36	36
ERX167082	13074863	8132538	36	36
ERX167083	13092009	7889208	36	36
ERX167084	13491362	8363257	36	36
ERX167085	9841248	5885888	36	36
ERX167086	8612606	3946066	36	36
ERX167087	4706002	2688670	36	36
ERX167088	13576238	7921429	36	36
ERX167089	4487598	2572791	36	36
ERX167090	5502860	3205952	36	36
ERX167091	13164150	7854514	36	36
ERX167092	5737571	3311060	36	36
ERX167093	13113636	7792326	36	36
ERX167094	12081376	6562045	36	36
ERX167095	10088202	6020695	36	36
ERX167096	10957505	6559726	36	36
ERX167097	12230098	7196153	36	36
ERX167098	9460401	5399192	36	36
ERX167099	4312734	2283986	36	36
ERX167100	11292427	6705165	36	36
ERX167101	5595669	3437439	36	36
ERX167102	5070613	2971820	36	36
ERX167103	12096484	6844882	36	36
ERX167104	7521886	4038616	36	36
ERX167105	12011992	7129430	36	36
ERX167106	12964824	7597613	36	36
ERX167107	11341430	6690260	36	36
ERX167108	11234548	7017130	36	36
ERX167109	8782453	5052827	36	36
ERX167110	7548814	4219598	36	36
ERX167111	13131921	7664207	36	36
ERX167112	11627019	6827393	36	36
ERX167113	5330322	3003781	36	36
ERX167114	11259714	6896221	36	36
ERX167115	12035828	7012354	36	36
ERX167116	11695484	7001777	36	36
ERX167117	4878323	2771672	36	36
ERX167118	5723747	3569253	36	36
ERX167119	4698953	2451543	36	36
ERX167120	10186947	5909440	36	36
ERX167121	4648568	2868550	36	36
ERX167122	5841137	3266053	36	36
ERX167123	5589263	3193172	36	36
ERX167124	4518909	2264418	36	36
ERX167125	12628994	7163655	36	36
ERX167126	6404551	3415985	36	36
ERX167127	4745998	2785939	36	36
ERX167128	5294803	3235722	36	36
ERX167129	10370858	5882012	36	36
ERX167130	11489777	6468162	36	36
ERX167131	4616238	2341197	36	36
ERX167132	4995052	2964175	36	36
ERX167133	11863797	7062802	36	36
ERX167134	11556757	7065076	36	36
ERX167135	4485723	2615486	36	36
ERX167136	4531894	2255831	36	36
ERX167137	8935362	5089337	36	36
ERX167138	11551275	6529335	36	36
ERX167139	12998821	8044129	36	36
ERX183591	3537306	2322549	50	50
ERX183592	1731438	1084884	50	50
ERX183593	2199711	1503436	50	50
ERX183594	3216259	2406358	50	50
ERX183595	836868	563016	50	50
ERX183596	1460159	882723	50	50
ERX183597	3548104	2352827	50	50
ERX183598	713840	436959	50	50
ERX183599	1851706	1337881	50	50
ERX183600	2282566	1474537	50	50
ERX183601	2265667	1575920	50	50
ERX183602	433986	271075	50	50
ERX183603	4101776	2712075	50	50
ERX183604	3238232	2151903	50	50
ERX183605	1971314	1315564	50	50
ERX183606	1325386	925401	50	50
ERX183607	3931270	2608661	50	50
ERX183608	2446506	1681129	50	50
ERX183609	513926	332433	50	50
ERX183610	2880861	1835448	50	50
ERX183611	2342556	1619896	50	50
ERX183612	611262	390404	50	50
ERX183613	873491	537954	50	50
ERX183614	1281200	892364	50	50
ERX183615	2463802	1708795	50	50
ERX183616	1658948	1043257	50	50
ERX183617	1369620	854876	50	50
ERX183618	2422853	1566438	50	50
ERX183619	4017934	2646126	50	50
ERX183620	3091158	2187046	50	50
ERX183621	883639	562559	50	50
ERX183622	1410756	930510	50	50
ERX183623	3388112	2239596	50	50
ERX183624	1261665	822339	50	50
ERX183625	3901770	2499026	50	50
ERX183626	1900241	1264527	50	50
ERX183627	2456768	1605400	50	50
ERX183628	3411020	2269226	50	50
ERX183629	2040621	1534363	50	50
ERX183630	2720505	1928457	50	50
ERX183631	1304573	851417	50	50
ERX183632	908487	560003	50	50
ERX183633	489995	316151	50	50
ERX183634	4303730	3302195	50	50
ERX183635	805727	541218	50	50
ERX183636	1920490	1389298	50	50
ERX183637	2328514	1527072	50	50
ERX183638	469342	304561	50	50
ERX183639	3743774	2748899	50	50
ERX183640	2354430	1638848	50	50
ERX183641	3689237	2445922	50	50
ERX183642	4105571	2690538	50	50
ERX183643	2696117	1790244	50	50
ERX183644	3195849	2090406	50	50
ERX183645	1904845	1378785	50	50
ERX183646	3348124	2491745	50	50
ERX183647	4061612	2565797	50	50
ERX183648	494365	320426	50	50
ERX183649	2685545	1800296	50	50
ERX183650	2382858	1462696	50	50
ERX183651	3366987	2527700	50	50
ERX183652	1455175	1027321	50	50
ERX183653	1535399	1084910	50	50
ERX183654	1704793	1064377	50	50
ERX183655	1533016	1075674	50	50
ERX183656	2125732	1602638	50	50
ERX183657	2334407	1520375	50	50
ERX183658	1611117	1103182	50	50
ERX183659	4074091	2601156	50	50
ERX183660	584972	372299	50	50
ERX183661	450767	281939	50	50
ERX183662	1304411	859631	50	50
ERX183663	1361242	895377	50	50
ERX183664	2119298	1597795	50	50
ERX183665	3670965	2349569	50	50
ERX183666	1334993	931170	50	50
ERX183667	3531127	2609809	50	50
ERX183668	3225949	2427268	50	50
ERX183669	1427450	891923	50	50
ERX183670	3797803	2578263	50	50
ERX183671	830129	559248	50	50
ERX183672	3065680	2306227	50	50
ERX183673	903898	558873	50	50
ERX183674	511598	328234	50	50
ERX183675	448590	280965	50	50
ERX183676	1557416	977177	50	50
ERX183677	2072096	1325860	50	50
ERX183678	3970649	2524910	50	50
ERX183679	584304	374761	50	50
ERX183680	1732175	1074656	50	50
ERX183681	1984681	1322780	50	50
ERX183682	1418882	934765	50	50
ERX183683	558749	357467	50	50
ERX183684	2237949	1467312	50	50
ERX183685	1601032	1127683	50	50
ERX183686	607430	384614	50	50
ERX183687	1717431	1078246	50	50
ERX183688	1420444	886817	50	50
ERX183689	1591670	1110677	50	50
ERX183690	1314037	857546	50	50
ERX480068	30231773	18735647	75	75
ERX480069	40471817	28981546	50	50
ERX480070	29794508	23448090	100	100
ERX480071	42187417	29522956	75	75
ERX480072	50442955	39349991	75	75
ERX480073	22722590	16399765	75	75
ERX480074	25238997	18014445	75	75
ERX675425	12610327	9860723	100	100
ERX675426	12541494	10084777	100	100
ERX675428	11474310	10417833	100	100
ERX675429	11227296	9724642	100	100
ERX675430	12751423	10749495	100	100
ERX675434	11054223	6882491	100	100
ERX675435	11505535	8393096	100	100
ERX675436	16161952	11638261	100	100
ERX675438	12829116	10313726	100	100
ERX675439	11762894	8974070	100	100
ERX675440	11747497	10667053	100	100
ERX675441	11476464	9942221	100	100
ERX675442	13034487	10988301	100	100
ERX675446	11286722	7025220	100	100
ERX675447	11768689	8584190	100	100
ERX675448	16524859	11898160	100	100
ERX675449	12940030	10117146	100	100
ERX675450	12883410	10356189	100	100
ERX675451	11803794	9004799	100	100
ERX675452	11802914	10715697	100	100
ERX675453	11519064	9985265	100	100
ERX675454	13102267	11059736	100	100
ERX675458	11375647	7057543	100	100
ERX675459	11749389	8572243	100	100
ERX675460	16612656	11948564	100	100
ERX675461	13050560	10202174	100	100
ERX675462	12969762	10428842	100	100
ERX675463	11891171	9068752	100	100
ERX675464	11894175	10801184	100	100
ERX675465	11614930	10071887	100	100
ERX675466	13179888	11127535	100	100
ERX675470	11453623	7108959	100	100
ERX675471	11850838	8647605	100	100
ERX675472	16749134	12047291	100	100
ERX552411	124057986	37973863	40	40
ERX552412	111361373	38187642	40	40
ERX552414	129439446	38238440	40	40
ERX552418	123900922	41748491	40	40
ERX1049364	30528696	22355705	100	100
ERX1049365	38379848	31932370	100	100
ERX1049366	36605662	28522053	100	100
ERX779606	47223701	32685127	100	100
ERX779607	46474210	36824853	100	100
ERX779610	42115278	27727969	100	100
ERX779611	42796446	29469934	100	100
ERX779612	48296978	36714650	100	100
ERX779613	39615892	26544634	100	100
ERX1006002	32442171	23463027	100	100
ERX1006003	28789109	20418702	100	100
ERX1006004	27378529	19608220	100	100
ERX1006006	32071711	21869175	100	100
ERX2073445	15667974	632586	125	125
ERX2073447	26206235	12759963	125	125
ERX2073449	27447758	13366195	125	125
ERX2073450	28315405	12034078	125	125
ERX2073451	30573562	12344514	125	125
ERX2073455	26808707	12541477	125	125
ERX2073457	25307925	6479856	125	125
ERX2073458	27647949	12114368	125	125
ERX2073459	28879967	13551079	125	125
ERX2073460	27127785	11353715	125	125
ERX2073461	28488027	15402520	125	125
ERX2073463	28426869	12265430	125	125
ERX2073465	29960733	11132304	125	125
ERX2073467	25282676	11098106	125	125
ERX2073468	29968536	14226162	125	125
ERX2073470	27810784	13345564	125	125
ERX2073471	29689273	11785507	125	125
ERX2244923	50385646	27512026	125	125
ERX2244924	48188329	27104186	122	122
ERX2244925	49381210	27472617	119	119
ERX2244926	54148180	29803108	122	122
ERX2244927	40747739	21963360	108	108
ERX2244928	46159404	25922032	125	125
ERX2244929	55733018	29760715	125	125
ERX2244930	56383584	29146635	125	125
ERX2244931	51526576	26418270	122	122
ERX2244932	49995760	25474051	125	125
ERX2244933	83785058	42467794	122	122
ERX2244934	52707284	28524540	125	125
ERX2244935	55334993	25809518	125	125
ERX2244936	46126185	24892954	125	125
ERX2244937	44556298	24874583	122	122
ERX2244938	50342385	27911263	122	122
ERX2260428	62919456	47357854	123	123
ERX2260429	44409021	32363957	120	120
ERX2260430	59474357	42829246	111	111
ERX2260431	51677077	37247299	122	122
ERX2260432	54893751	38733304	122	122
ERX2260433	60107107	43556000	123	123
ERX2260434	60336948	39574426	121	121
ERX2260435	59784971	40814693	121	121
ERX2260436	55236835	39677005	118	118
ERX2260437	44477513	33401008	122	122
ERX2260438	50898095	37813279	123	123
ERX2260439	46333804	34444161	120	120
ERX2260440	46928111	35503451	122	122
ERX2260441	50857942	35210589	122	122
ERX2260442	49283882	35412744	115	115
ERX2260443	49348544	34180018	117	117
SRX589538	132987	119886	101	101
SRX110939	7185191	4087551	36	36
SRX110940	6753816	3293779	36	36
SRX110941	8780110	5073395	36	36
SRX110942	10077812	6261815	36	36
SRX110943	5754459	3085708	36	36
SRX110944	10740326	6389585	36	36
SRX110945	10346591	5560654	36	36
SRX110946	8373526	4909994	36	36
SRX110947	7363600	3776399	36	36
SRX110948	5734220	3128124	36	36
SRX110949	7360531	3561528	36	36
SRX110951	10516118	6466193	36	36
SRX110952	5785503	2410016	36	36
SRX110953	8670319	5294093	36	36
SRX110954	8830443	5015915	36	36
SRX110955	9630061	5518446	36	36
SRX110956	6962395	4346189	36	36
SRX110957	7295768	3899835	36	36
SRX110958	8472935	5272628	36	36
SRX110959	9737688	5794921	36	36
SRX110960	11265479	6242935	36	36
SRX110961	7144715	3729880	36	36
SRX110962	6965262	4246402	36	36
SRX110963	7816849	4852670	36	36
SRX110964	9783046	6120928	36	36
SRX110965	6217240	3918599	36	36
SRX110966	7294921	4538148	36	36
SRX110967	5694694	2450311	36	36
SRX110968	8152507	4766892	36	36
SRX110969	10098440	6137464	36	36
SRX110970	10343166	6308614	36	36
SRX110971	12512632	7949903	36	36
SRX110972	9597617	5639726	36	36
SRX110973	6710829	3135026	36	36
SRX110974	11105539	5662510	36	36
SRX110975	15177377	9712083	36	36
SRX110976	12534615	7098684	36	36
SRX110977	14383082	9489243	36	36
SRX110978	4243917	1667817	36	36
SRX110979	13257068	7965475	36	36
SRX110980	10022075	5736656	36	36
SRX110981	14603959	9048675	36	36
SRX110982	13766564	8424327	36	36
SRX110983	9816555	5957644	36	36
SRX110984	14982226	9672542	36	36
SRX110985	7230452	3750841	36	36
SRX110986	2426543	1158202	36	36
SRX110987	12113900	8210217	36	36
SRX110988	12209270	7625805	36	36
SRX110989	15218731	9310848	36	36
SRX110990	9280530	5747532	36	36
SRX110991	7943782	4735344	36	36
SRX110992	14852484	9610085	36	36
SRX110993	6748774	4025480	36	36
SRX110994	9801455	6225291	36	36
SRX110995	14131835	8656842	36	36
SRX110996	6483074	3959195	36	36
SRX110997	9739195	5022693	36	36
SRX110998	13380620	8573720	36	36
SRX110999	14534146	9543719	36	36
SRX111000	9686933	5179245	36	36
SRX111001	4700810	2638762	36	36
SRX111002	14234803	9109947	36	36
SRX111003	9164667	4581072	36	36
SRX111324	60199744	42685844	90	90
SRX111325	71034917	49405663	90	90
SRX111326	80214150	61736676	90	90
SRX111327	59985424	47234572	90	90
SRX111328	50362238	34506316	90	90
SRX143871	24103370	15531289	36	36
SRX143872	22900561	13953069	36	36
SRX143873	23807742	16566399	36	36
SRX143874	25308344	17333908	36	36
SRX143875	24731241	17602653	36	36
SRX143876	27200717	18722284	36	36
SRX143877	27491775	16506179	36	36
SRX143878	24913542	12474229	36	36
SRX143880	21469397	12681953	36	36
SRX143881	8309401	5056679	36	36
SRX143882	10953380	6002129	36	36
SRX143883	17219415	10624348	36	36
SRX143884	22511541	15128331	36	36
SRX143885	21814888	15330991	36	36
SRX143886	21543158	14457135	36	36
SRX143887	21734946	14474700	36	36
SRX143888	25761039	18194037	36	36
SRX143889	28973074	20743562	36	36
SRX143890	29314377	20993133	36	36
SRX143891	26630192	18272242	36	36
SRX143892	24587605	16322971	36	36
SRX143893	24104306	15286875	36	36
SRX143894	26321704	16548377	36	36
SRX143895	24813826	17699182	36	36
SRX143896	27345930	18549873	36	36
SRX143897	27371688	19343596	36	36
SRX143898	21700024	12753827	36	36
SRX143899	21848794	13665672	36	36
SRX143900	25587368	17529246	36	36
SRX143901	24325238	17459764	36	36
SRX143902	18569808	11979822	36	36
SRX143903	19768291	13176867	36	36
SRX143904	18668849	11962880	36	36
SRX143905	20172805	14010413	36	36
SRX143906	20364927	14757966	36	36
SRX143907	22077884	15607096	36	36
SRX143908	22878153	14256073	36	36
SRX143909	16256030	10037035	36	36
SRX143910	21827470	14563722	36	36
SRX143911	23087721	16265472	36	36
SRX143912	20985054	14622005	36	36
SRX143913	21954247	15371412	36	36
SRX143914	22488443	15706063	36	36
SRX143915	21152860	14927669	36	36
SRX143916	23718729	16196218	42	42
SRX143917	25733471	17662239	42	42
SRX143918	21896308	15983902	42	42
SRX1603004	52669068	41019904	100	100
SRX1603005	64242856	48948764	100	100
SRX1603006	51023927	35277583	100	100
SRX1603007	51538617	36149249	100	100
SRX1603011	50263024	41324777	100	100
SRX1603012	77992734	46028631	100	100
SRX1603017	57725649	44844856	100	100
SRX1603018	53660885	41896743	100	100
SRX1603020	46904248	35479261	100	100
SRX1603021	38483829	30711094	100	100
SRX1603029	50519099	37378403	100	100
SRX1603067	50898446	36936545	100	100
SRX1603070	50612270	40329074	100	100
SRX1603071	49933914	39148591	100	100
SRX1603075	56973847	46479895	100	100
SRX1603076	57956781	46682765	100	100
SRX1603079	65967586	52177463	100	100
SRX1603080	56094060	43992790	100	100
SRX1603085	39278350	30038011	100	100
SRX1603086	40635797	31638439	100	100
SRX1603091	63782378	48808585	100	100
SRX1603092	48323917	36273027	100	100
SRX1603099	51209789	40482523	100	100
SRX1603100	45512079	35554255	100	100
SRX1603101	50765810	40117477	100	100
SRX1603102	60172356	48344131	100	100
SRX1603108	61755077	46963984	100	100
SRX1603109	63348824	49659639	100	100
SRX1603116	54064903	44992900	100	100
SRX1603117	53392447	43717085	100	100
SRX1603118	51846399	42000268	100	100
SRX1603119	58435597	46462595	100	100
SRX1603121	35697654	28673314	100	100
SRX1603122	62098040	49018105	100	100
SRX1603135	59388688	46628433	100	100
SRX1603136	49387768	37161325	100	100
SRX1603137	51746150	42591548	100	100
SRX1603138	49204973	38837557	100	100
SRX1603139	48949013	28279927	100	100
SRX1603140	47411810	34063694	100	100
SRX1603148	55071346	43825846	100	100
SRX1603149	60095607	48007572	100	100
SRX1603153	57732297	40414284	100	100
SRX1603154	54012439	40736875	100	100
SRX1603156	46444264	39299384	100	100
SRX1603157	63111166	52507765	100	100
SRX1603176	53695356	42378342	100	100
SRX1603177	55580342	43254916	100	100
SRX1603211	39228935	29042941	100	100
SRX1603212	56797405	40624833	100	100
SRX1603246	51931736	40012757	100	100
SRX1603247	57991263	44485292	100	100
SRX1603250	61241168	47401638	100	100
SRX1603251	61239876	43011961	100	100
SRX1603263	57650640	48463103	100	100
SRX1603264	63038113	53171880	100	100
SRX1603267	58951670	47277916	100	100
SRX1603268	48337572	39457438	100	100
SRX1603271	54500508	45963964	100	100
SRX1603272	53195360	45283449	100	100
SRX1603273	42585181	32737353	100	100
SRX1603274	43825585	33606144	100	100
SRX1603302	101346283	55009252	100	100
SRX1603303	66084918	51215413	100	100
SRX1603311	52155026	39104295	100	100
SRX1603312	60537997	45471400	100	100
SRX1603326	51610620	38442852	100	100
SRX1603327	34553580	26413550	100	100
SRX1603331	58648041	43833131	100	100
SRX1603332	55578426	41774613	100	100
SRX1603334	42452418	30259885	100	100
SRX1603335	53990792	43341956	100	100
SRX1603404	59388177	45190317	100	100
SRX1603405	57354100	44016763	100	100
SRX1603483	63418967	47197939	100	100
SRX1603484	51100259	37849204	100	100
SRX1603525	95731554	79752765	101	101
SRX1603526	104089396	84400622	101	101
SRX1603564	106532792	83180908	101	101
SRX1603565	75092369	54674397	101	101
SRX1603621	79763453	62942220	101	101
SRX1603622	120341340	90252011	101	101
SRX1603639	88288381	70071125	101	101
SRX1603640	99120028	76082033	101	101
SRX2243907	54200809	42542650	100	100
SRX2243908	60146083	46639099	100	100
SRX2244527	71435017	56322642	100	100
SRX2244528	64445369	50648901	100	100
SRX2244578	57029598	44243445	100	100
SRX2244579	57627784	44818897	100	100
SRX2244775	55432194	42566846	100	100
SRX2244776	52399485	40688516	100	100
SRX2244806	61463336	47590438	100	100
SRX2244892	62350247	48611148	100	100
SRX2244893	55109611	44157567	100	100
SRX209570	64514073	38158203	90	90
SRX209571	47866666	34412116	90	90
SRX209572	56778445	36169778	90	90
SRX494639	61843913	47693832	90	90
SRX858064	49847401	32207026	90	90
SRX262945	36465083	27853527	90	90
SRX262946	43997898	33030310	90	90
SRX262947	44710798	34847401	90	90
SRX262948	39025929	32194899	90	90
SRX262949	45365397	32083918	90	90
SRX262950	37635980	29240041	90	90
SRX262951	39926086	26785720	90	90
SRX262952	65487661	42025180	90	90
SRX262953	82123752	60580764	90	90
SRX262954	76981895	57999071	90	90
SRX262955	70629658	51576284	90	90
SRX262956	35634304	26467404	90	90
SRX262957	36825400	25642783	90	90
SRX262958	33126126	23025879	90	90
SRX262959	33574658	25921632	90	90
SRX262960	36742654	25552217	90	90
SRX262961	53643413	28651170	90	90
SRX262962	35039026	28235345	90	90
SRX262963	39524475	24014296	90	90
SRX262964	37818434	19589744	90	90
SRX262965	45103456	25996437	90	90
SRX262966	53003712	33833003	90	90
SRX262967	85819906	63031158	90	90
SRX262968	43951736	16044788	90	90
SRX262969	44606475	13509309	90	90
SRX262970	46983241	26028596	90	90
SRX262971	48019960	22922418	90	90
SRX262972	91626081	59392738	90	90
SRX262973	4299607	3715121	90	90
SRX262974	14267801	12445918	90	90
SRX262975	5460431	4618972	90	90
SRX262976	21820955	18545728	90	90
SRX262977	21495867	19931411	90	90
SRX262978	5733473	5017342	90	90
SRX262979	29682904	24761346	90	90
SRX262980	24680864	21474307	90	90
SRX262981	12739962	11600420	90	90
SRX262982	21978142	19762542	90	90
SRX262983	20120551	17063873	90	90
SRX262984	24168704	20253923	90	90
SRX262985	13807336	12372596	90	90
SRX262986	24877537	17413076	90	90
SRX262987	12293654	9780923	52	52
SRX262988	23878199	19049030	52	52
SRX262989	20989112	16380310	52	52
SRX262990	26612703	22476877	73	73
SRX262991	29047329	24239503	73	73
SRX262992	26034957	23212372	73	73
SRX262993	22714760	20281230	73	73
SRX262994	26174684	24220419	73	73
SRX262995	8937736	7041140	73	73
SRX262996	23093734	19711560	73	73
SRX262997	28659304	26580836	73	73
SRX262998	28032355	23260797	73	73
SRX262999	30365164	24840166	73	73
SRX263000	28399846	16613282	73	73
SRX263001	28782497	24849929	73	73
SRX263002	23742915	18627197	73	73
SRX263003	27519196	25053138	73	73
SRX263004	58808489	49942153	90	90
SRX263005	25356944	21222143	90	90
SRX270635	886261413	654930736	101	101
SRX270637	206526535	90221319	101	101
SRX276204	6499383	6	46	46
SRX294980	13282539	10488789	90	90
SRX294981	13551840	10907732	90	90
SRX294982	13511964	10461541	90	90
SRX294983	13166968	10160358	90	90
SRX295056	23321096	18204620	50	50
SRX317197	21078477	17311144	75	75
SRX317198	21358931	17343010	75	75
SRX317199	20940063	16725224	76	76
SRX472455	3419326	1886440	39	39
SRX472459	5758990	3942821	39	39
SRX472462	3462719	2378847	39	39
SRX472463	5397889	4274019	39	39
SRX472464	4432441	3270614	39	39
SRX472467	7997388	5770418	39	39
SRX472469	2776146	1473630	39	39
SRX472472	5659661	3778474	39	39
SRX357345	11385963	5553226	54	54
SRX357346	12367534	6293972	54	54
SRX357347	7075698	3489597	54	54
SRX357348	7775678	4012916	54	54
SRX357349	11470046	4937186	54	54
SRX357350	12556133	5680445	54	54
SRX358238	119128052	86070553	100	100
SRX359414	106714302	89254637	100	100
SRX378128	41508749	30197916	80	80
SRX378130	41584143	30672877	80	80
SRX378131	43175264	29650345	80	80
SRX378134	44414352	29033639	80	80
SRX378135	39324203	29376180	80	80
SRX378136	44747954	29580638	80	80
SRX378137	40530650	29627881	80	80
SRX378138	41302373	28059313	80	80
SRX378139	40954444	29172432	80	80
SRX378140	44271779	29475437	80	80
SRX378141	43494205	29590968	80	80
SRX381025	8793462	6080577	49	49
SRX388838	6710574	2540845	36	36
SRX399456	12083804	5606402	75	75
SRX399457	36467109	27204471	75	75
SRX399459	14869486	9183747	75	75
SRX399460	33353039	25595605	75	75
SRX399461	22051065	14762184	75	75
SRX399463	7236029	3104932	75	75
SRX399465	1987399	467772	75	75
SRX399468	11022354	4911376	75	75
SRX399470	25462031	17427820	75	75
SRX399471	13455119	8037406	75	75
SRX399474	21467700	15269692	75	75
SRX399477	2059836	412767	75	75
SRX399478	14533406	9989472	75	75
SRX399480	36770004	27824468	75	75
SRX399481	28734878	21789658	75	75
SRX399482	21100408	16188794	75	75
SRX399483	25282543	18538766	75	75
SRX399484	20816412	16512270	75	75
SRX399487	12931138	10566381	75	75
SRX399488	13933960	11022307	75	75
SRX399489	14536091	11713140	75	75
SRX399490	11737260	8872035	75	75
SRX399491	25998485	18007959	75	75
SRX399492	34002573	25649544	75	75
SRX399493	26340293	19860859	75	75
SRX399494	19970884	15234854	75	75
SRX399495	24487792	17893580	75	75
SRX399496	19617134	15478628	75	75
SRX399497	18214618	13905126	75	75
SRX399498	14333697	11130555	75	75
SRX399499	12492463	10168699	75	75
SRX399500	13137464	10294304	75	75
SRX399501	13903521	11111577	75	75
SRX399502	11134266	8322743	75	75
SRX477530	26487892	19690002	100	100
SRX533529	9623240	7416266	49	49
SRX533530	9530920	7320611	49	49
SRX533531	9972491	7707237	49	49
SRX533532	9403568	7289092	49	49
SRX562297	39355179	28281358	100	100
SRX562366	47220373	33894803	100	100
SRX562367	41507722	29301458	100	100
SRX562368	40936272	26779443	100	101
SRX562371	45200276	30029710	101	101
SRX562372	31554170	20751228	101	101
SRX562373	31883483	28289203	101	101
SRX562374	39444148	32954825	101	101
SRX562375	34089072	23791043	101	101
SRX562376	28645769	19731784	101	101
SRX562378	73427977	53609253	101	101
SRX562379	37539183	29677408	101	101
SRX562380	40706912	31291015	100	101
SRX569484	10785745	1630855	100	100
SRX569925	33148821	9164959	100	100
SRX625446	29409548	20014645	100	100
SRX626748	23900247	17683174	100	100
SRX626749	23425904	17703942	100	100
SRX626750	25131127	19156280	100	100
SRX626751	25503095	17816023	100	100
SRX626752	22656107	17086493	100	100
SRX626753	25988724	20415413	100	100
SRX626754	28568432	21786686	100	100
SRX666273	49603039	32574294	50	50
SRX666274	50668071	35400270	50	50
SRX666275	66423363	44624970	50	50
SRX672715	13975201	9366902	78	78
SRX672717	25358979	17075900	78	78
SRX672719	12582311	8488803	78	78
SRX672720	13402973	8977893	78	78
SRX672722	14209684	9640254	78	78
SRX684118	31745193	24168721	101	101
SRX684123	18395172	13979120	101	101
SRX684124	23369455	19580160	101	101
SRX728601	28798407	25156352	100	100
SRX728610	28292872	24569220	100	100
SRX728617	30352710	26254386	100	100
SRX728618	24303237	20317431	100	100
SRX728619	23363419	20020655	100	100
SRX728651	24402105	21145821	99	99
SRX728653	25029192	21714510	99	99
SRX728655	27123348	23466524	99	99
SRX728666	25434762	22260089	99	99
SRX728671	23863371	20058057	99	99
SRX728684	22861688	19506005	99	99
SRX728691	23335311	20117390	99	99
SRX728693	21580246	18659565	99	99
SRX728694	23131922	19725897	99	99
SRX747724	3623355	2832531	100	100
SRX747838	2231434	1774863	100	100
SRX747841	33399851	27835306	100	100
SRX747843	28799394	21523552	100	100
SRX747844	15412516	12343989	100	100
SRX747845	51930836	37466844	100	100
SRX747847	12553591	9899430	100	100
SRX747877	22880330	17209309	100	100
SRX747892	22071535	17399822	100	100
SRX747894	72259022	52356236	100	100
SRX747903	24937472	17347442	100	100
SRX747904	62641161	46161122	100	100
SRX747921	7851695	6420551	100	100
SRX747929	26581364	19341426	100	100
SRX747935	29018091	21290011	100	100
SRX747946	966451	787496	100	100
SRX747953	22382200	16383898	100	100
SRX747970	21324175	15550905	100	100
SRX747977	22337495	17786597	100	100
SRX747983	33265647	24802503	100	100
SRX747999	29009284	21908512	100	100
SRX748006	16836216	12001779	100	100
SRX748018	67698403	48667779	100	100
SRX748024	17417475	12186595	100	100
SRX748031	44598355	32128061	100	100
SRX748038	44969247	29056379	100	100
SRX748047	37609261	27904667	100	100
SRX748053	7598	2140	100	100
SRX765396	36714704	21801920	50	50
SRX765397	35576341	22082044	50	50
SRX815582	13759540	11410364	100	100
SRX815591	16957549	13285263	100	100
SRX815697	36977320	31608554	100	100
SRX1254118	53777154	37309092	44	50
SRX1254120	57098483	35208082	44	50
SRX864668	30110020	19937901	101	101
SRX864760	35440004	25182517	101	101
SRX864761	24863879	17128444	101	101
SRX864762	35651897	25168982	101	101
SRX864763	40933085	33605614	101	101
SRX864764	34006096	27781072	101	101
SRX864765	40648098	30003820	101	101
SRX864766	41710692	33966746	101	101
SRX864767	26727054	22079782	101	101
SRX864768	29099832	25248307	101	101
SRX864769	32882256	27293545	101	101
SRX864770	38235452	31268376	101	101
SRX864771	32826840	26653620	101	101
SRX864772	34760876	28610727	101	101
SRX864773	36279055	28168213	101	101
SRX864774	34873333	28437811	101	101
SRX864775	36524093	27187810	101	101
SRX864776	34892097	26097484	101	101
SRX864777	38887871	28361199	101	101
SRX864778	31107100	22792830	101	101
SRX864802	38318392	28211469	101	101
SRX864803	37255917	27282565	101	101
SRX864804	28061464	16781660	101	101
SRX864805	31985627	23259342	101	101
SRX864806	33314858	27719609	101	101
SRX864808	32523764	27231137	101	101
SRX864809	28338096	23244855	101	101
SRX864810	30989401	25906573	101	101
SRX864811	36747352	31832047	101	101
SRX864813	33125453	28962296	101	101
SRX864814	36313597	31741338	101	101
SRX864815	28490562	19805297	101	101
SRX864816	33419124	21397673	101	101
SRX864817	34707809	22433777	101	101
SRX864818	36804139	24744005	101	101
SRX864827	28836388	20022242	101	101
SRX864846	30424357	21304264	101	101
SRX864847	29564088	20806576	101	101
SRX864848	36032868	24980137	101	101
SRX864849	33495366	23296751	101	101
SRX1035352	4115530	2557765	50	50
SRX1035355	4518240	2906193	50	50
SRX1035357	4266132	2742920	50	50
SRX1035358	4475414	2826914	50	50
SRX1035359	4429431	2790362	50	50
SRX1091045	17966637	14583519	125	125
SRX1091046	15375996	11555467	125	125
SRX1164616	31922225	23566781	50	50
SRX1164618	59885682	39203676	50	50
SRX1065256	14951003	9851039	49	49
SRX1177187	28137220	16696126	100	100
SRX1177188	24942285	12680793	100	100
SRX1177190	35625835	28663797	100	100
SRX1177191	41525679	23126782	100	100
SRX1177192	36394182	28416903	100	100
SRX1177193	26769146	15708188	100	100
SRX1177194	39337110	29259461	100	100
SRX1177195	28789220	17136063	100	100
SRX1177196	38506942	26390252	100	100
SRX1177197	28645098	23112104	100	100
SRX1177198	37858153	23896616	100	100
SRX1177199	31482197	19702959	100	100
SRX1177200	46905667	28033978	100	100
SRX1177201	46740373	27814934	100	100
SRX1177202	49417207	28421085	100	100
SRX1177203	571066359	367033545	100	100
SRX1177204	7220256	4598340	100	100
SRX1177205	4867826	3813328	100	100
SRX1177206	57703316	46472738	100	100
SRX1177207	2084112	1605531	100	100
SRX1177208	18798549	15102939	100	100
SRX1177209	41843121	31694825	100	100
SRX1177210	56403442	39885435	100	100
SRX1177211	97844365	74309557	100	100
SRX1177212	50349671	36747056	100	100
SRX1177213	143136603	105128646	100	100
SRX1177214	64618480	46039797	100	100
SRX1177215	70456212	52938266	100	100
SRX1177216	13617366	10152649	100	100
SRX1177217	67347967	49044506	100	100
SRX1177218	22562519	16582304	100	100
SRX1177219	6811042	4935953	100	100
SRX1177220	70413581	51534308	100	100
SRX1177221	9017613	6826753	100	100
SRX1177222	47558119	36462332	100	100
SRX1177223	28493769	21124793	100	100
SRX1177224	29537722	23506482	100	100
SRX1177225	23400080	18420911	100	100
SRX1177226	7858338	5890532	100	100
SRX1177227	29720353	24294015	100	100
SRX1177228	2231434	1774788	100	100
SRX1177229	25884284	19686450	100	100
SRX1177230	8688437	6889172	100	100
SRX1177231	8966743	7232030	100	100
SRX1177232	91846908	73003737	100	100
SRX1177233	44825927	35434744	100	100
SRX1177234	42861236	35856588	100	100
SRX1177235	36787856	26413276	100	100
SRX1177236	25476890	18211640	100	100
SRX1177237	8026366	6043468	100	100
SRX1177238	23325216	17618263	100	100
SRX1177239	43000297	33117365	100	100
SRX1177240	13571871	10598235	100	100
SRX1177241	14573403	11121676	100	100
SRX1177242	9985215	7247639	100	100
SRX1177243	5241806	4043411	100	100
SRX1177244	12537803	9339447	100	100
SRX1177245	3623355	2832363	100	100
SRX1177246	1631354	1248221	100	100
SRX1177247	23651003	18432480	100	100
SRX1177248	4056628	3178803	100	100
SRX1177249	18720878	14348341	100	100
SRX1177250	36205643	26726623	100	100
SRX1177251	31490599	26398023	100	100
SRX1177252	33399851	27835152	100	100
SRX1177253	13682306	11055428	100	100
SRX1177254	12553591	9899392	100	100
SRX1177255	13659851	10914828	100	100
SRX1177256	22071535	17396570	100	100
SRX1177257	18593095	15034638	100	100
SRX1177258	7851695	6420006	100	100
SRX1177259	22337495	17783385	100	100
SRX1177260	17417475	12186545	100	100
SRX1177261	28799394	21524511	100	100
SRX1177262	18242118	12629748	100	100
SRX1177263	42156404	31840251	100	100
SRX1177264	36724222	25920412	100	100
SRX1177265	32978455	24943175	100	100
SRX1177266	26581364	19342252	100	100
SRX1177267	37265647	27746719	100	100
SRX1177268	44598355	32127623	100	100
SRX1177269	15412516	12344010	100	100
SRX1427686	78285189	52565795	51	51
SRX1427688	83191324	52688194	51	51
SRX1427689	73140325	46587607	51	51
SRX1427691	84793876	55889137	51	51
SRX1427700	69173320	45290656	51	51
SRX1427703	69651614	45627661	51	51
SRX1445141	21855757	18028902	101	101
SRX1452034	35148060	26692579	104	104
SRX1452037	27079531	21241180	104	104
SRX1452039	42417745	37082423	104	104
SRX1452041	45740341	38421131	104	104
SRX1452042	30398495	24451026	104	104
SRX1452043	48080129	37832558	104	104
SRX1452044	30484991	25019244	104	104
SRX1452061	21149254	16422653	100	100
SRX1452062	28666828	22412514	100	100
SRX1452066	28803049	22051281	100	100
SRX1452067	35467280	27312930	100	100
SRX1452068	26908813	19740917	100	100
SRX1464307	45861	34940	100	100
SRX1464308	11941	9473	100	100
SRX1464309	12414	9436	100	100
SRX1464310	14601	10893	100	100
SRX1464311	5656	4355	100	100
SRX1464312	15051	11396	100	100
SRX1464313	10857	8404	100	100
SRX1464314	17626	13810	100	100
SRX1464315	8575	6382	100	100
SRX1464316	14124	10951	100	100
SRX1464317	10870	8114	100	100
SRX1464318	12448	9755	100	100
SRX1464319	12779	9885	100	100
SRX1464320	13295	10497	100	100
SRX1464321	19418	14718	100	100
SRX1464322	11632	9171	100	100
SRX1464323	21364	16626	100	100
SRX1464324	11853	9140	100	100
SRX1464325	27991	20725	100	100
SRX1464326	14622	11224	100	100
SRX1464327	4672	3495	100	100
SRX1464328	24698	18955	100	100
SRX1464329	14780	11321	100	100
SRX1464330	43922	32743	100	100
SRX1464331	13855	10558	100	100
SRX1464332	11407	8692	100	100
SRX1464333	9183	7106	100	100
SRX1464334	15003	11469	100	100
SRX1464335	30300	22793	100	100
SRX1464336	24330	11616	100	100
SRX1464337	19567	9636	100	100
SRX1464338	24275	10466	100	100
SRX1464339	14802	7449	100	100
SRX1464340	23909	10843	100	100
SRX1464341	22774	10592	100	100
SRX1464342	19705	8147	100	100
SRX1464343	22791	9728	100	100
SRX1464344	16988	8592	100	100
SRX1464345	21198	8999	100	100
SRX1464346	18906	8176	100	100
SRX1464347	19900	9077	100	100
SRX1464348	21875	9882	100	100
SRX1464349	14418	6227	100	100
SRX1464350	18915	8721	100	100
SRX1464351	20634	9739	100	100
SRX1464352	22153	10693	100	100
SRX1464353	10236	4466	100	100
SRX1464354	8801	3846	100	100
SRX1464355	21423	10687	100	100
SRX1464356	18947	9233	100	100
SRX1464357	7623	3348	100	100
SRX1464358	26187	11013	100	100
SRX1464359	10703	4604	100	100
SRX1464360	13700	5473	100	100
SRX1464361	17391	8812	100	100
SRX1464362	14477	5743	100	100
SRX1464363	10253	4139	100	100
SRX1464364	23669	9422	100	100
SRX1464365	15843	6951	100	100
SRX1464366	19074	8864	100	100
SRX1464367	16439	7675	100	100
SRX1464368	20494	9111	100	100
SRX1464369	16116	7857	100	100
SRX1464370	15425	7303	100	100
SRX1464371	22631	11472	100	100
SRX1464372	22135	8385	100	100
SRX1464373	21924	10915	100	100
SRX1464374	18365	8415	100	100
SRX1464375	15847	7301	100	100
SRX1464376	18470	8138	100	100
SRX1464377	18769	9029	100	100
SRX1464378	9711	4288	100	100
SRX1464379	21200	10248	100	100
SRX1464380	22555	10959	100	100
SRX1464381	16944	7326	100	100
SRX1464382	19050	8731	100	100
SRX1464383	18765	8594	100	100
SRX1464384	16883	6933	100	100
SRX1464385	17494	7504	100	100
SRX1464386	8227	3480	100	100
SRX1464387	6092	2766	100	100
SRX1464389	22770	11724	100	100
SRX1464390	22016	10113	100	100
SRX1464391	18961	10036	100	100
SRX1464392	20954	9876	100	100
SRX1464393	19061	8897	100	100
SRX1464394	17234	8392	100	100
SRX1464395	9619	3946	100	100
SRX1464396	20446	10046	100	100
SRX1464397	17774	8525	100	100
SRX1464398	6022	2758	100	100
SRX1464399	19503	9544	100	100
SRX1464400	21419	8953	100	100
SRX1464401	19106	9181	100	100
SRX1464402	17191	7494	100	100
SRX1464403	22362	9745	100	100
SRX1464404	28417	12094	100	100
SRX1464405	47031	21391	100	100
SRX1464406	14450	6522	100	100
SRX1464407	7643	3678	100	100
SRX1464408	10419	4856	100	100
SRX1464409	22106	9996	100	100
SRX1464410	17779	7580	100	100
SRX1464411	18154	7882	100	100
SRX1464412	17305	7801	100	100
SRX1464413	24513	11084	100	100
SRX1464414	15657	7523	100	100
SRX1464415	15920	7416	100	100
SRX1464416	24434	9511	100	100
SRX1464417	23316	11391	100	100
SRX1464418	24680	9909	100	100
SRX1464419	17313	7718	100	100
SRX1464420	19976	8716	100	100
SRX1464421	20056	9057	100	100
SRX1464422	3368	1239	100	100
SRX1464423	12489	5649	100	100
SRX1464424	21756	9639	100	100
SRX1464425	19545	9238	100	100
SRX1464426	20672	10599	100	100
SRX1464427	18295	8960	100	100
SRX1464428	20858	8599	100	100
SRX1464429	30290	15298	100	100
SRX1464430	25691	12072	100	100
SRX1464431	25859	10342	100	100
SRX1464432	21187	8998	100	100
SRX1464433	24025	11641	100	100
SRX1464434	22955	10236	100	100
SRX1464435	14366	6610	100	100
SRX1464436	16997	7661	100	100
SRX1464437	23594	10667	100	100
SRX1464438	35142	12907	100	100
SRX1464439	10117	4183	100	100
SRX1464440	19085	7865	100	100
SRX1464441	15034	7317	100	100
SRX1464442	18286	8081	100	100
SRX1464443	18392	7244	100	100
SRX1464444	18880	8421	100	100
SRX1464445	14898	6190	100	100
SRX1464446	18586	8893	100	100
SRX1464447	15477	6231	100	100
SRX1464448	8824	4185	100	100
SRX1464449	21083	9365	100	100
SRX1464450	19541	9354	100	100
SRX1464451	19484	9406	100	100
SRX1464452	15625	8699	100	100
SRX1464453	17849	8286	100	100
SRX1464454	15598	6692	100	100
SRX1464455	22595	9752	100	100
SRX1464456	18040	8204	100	100
SRX1464457	12492	5939	100	100
SRX1464458	17245	7189	100	100
SRX1464459	11611	5071	100	100
SRX1464460	18089	7584	100	100
SRX1464461	14024	5801	100	100
SRX1464462	21521	8873	100	100
SRX1464463	28851	11440	100	100
SRX1464464	16959	9003	100	100
SRX1464465	22531	10377	100	100
SRX1464466	15161	6625	100	100
SRX1464467	14531	6424	100	100
SRX1464468	15880	7662	100	100
SRX1464469	21639	10381	100	100
SRX1464470	10389	5320	100	100
SRX1464471	11143	5194	100	100
SRX1464472	21842	9513	100	100
SRX1464473	25502	13224	100	100
SRX1464474	20218	8727	100	100
SRX1464475	28163	14479	100	100
SRX1464476	17917	8031	100	100
SRX1464477	15936	8175	100	100
SRX1464478	23225	9893	100	100
SRX1464479	17845	8221	100	100
SRX1464480	20265	9976	100	100
SRX1464481	12775	5473	100	100
SRX1464482	4657	2201	100	100
SRX1464483	20433	9685	100	100
SRX1464484	18105	7323	100	100
SRX1464485	20832	9387	100	100
SRX1464486	22069	9126	100	100
SRX1464487	17597	7167	100	100
SRX1464488	19163	9186	100	100
SRX1464489	24563	11609	100	100
SRX1464490	17520	9733	100	100
SRX1464491	21543	11704	100	100
SRX1464492	23325	11545	100	100
SRX1464493	16938	8165	100	100
SRX1464494	15	6	100	100
SRX1464495	17936	8326	100	100
SRX1464496	18360	8709	100	100
SRX1464497	15015	6835	100	100
SRX1464498	17015	7824	100	100
SRX1464499	7082	3131	100	100
SRX1464500	16379	8096	100	100
SRX1464501	16063	8261	100	100
SRX1464502	15839	7566	100	100
SRX1464503	20899	9413	100	100
SRX1464504	14550	5850	100	100
SRX1464505	20082	9132	100	100
SRX1464506	16714	7472	100	100
SRX1464507	19648	9620	100	100
SRX1464508	16723	8588	100	100
SRX1464509	22671	11337	100	100
SRX1464510	10579	4563	100	100
SRX1464511	24095	9861	100	100
SRX1464512	20321	8765	100	100
SRX1464513	19310	8761	100	100
SRX1464514	22660	10371	100	100
SRX1464515	18369	8724	100	100
SRX1464516	25876	10439	100	100
SRX1464517	22664	9951	100	100
SRX1464518	18531	8473	100	100
SRX1464519	30473	12427	100	100
SRX1464520	16841	6879	100	100
SRX1464521	20435	9603	100	100
SRX1464522	14477	6443	100	100
SRX1464523	19601	8412	100	100
SRX1464524	16135	7102	100	100
SRX1464525	15501	7343	100	100
SRX1464526	17786	8263	100	100
SRX1464527	19749	9317	100	100
SRX1464528	22377	9714	100	100
SRX1464529	19948	9454	100	100
SRX1464530	5849	2774	100	100
SRX1464531	21139	9272	100	100
SRX1464532	20893	9139	100	100
SRX1464533	13607	5882	100	100
SRX1464534	18448	8348	100	100
SRX1464535	23465	11695	100	100
SRX1464536	15864	7875	100	100
SRX1464537	19112	9288	100	100
SRX1464538	12802	5500	100	100
SRX1464539	17636	8383	100	100
SRX1464540	13953	6405	100	100
SRX1464541	13201	5558	100	100
SRX1464542	22999	10957	100	100
SRX1464543	9262	4347	100	100
SRX1464544	22261	10008	100	100
SRX1464545	17526	7980	100	100
SRX1464546	17440	8543	100	100
SRX1464547	23236	10689	100	100
SRX1464548	16180	7002	100	100
SRX1464549	5146	1960	100	100
SRX1464550	19189	9432	100	100
SRX1464551	10923	5108	100	100
SRX1464552	20019	8182	100	100
SRX1464553	28285	12671	100	100
SRX1464554	9014	4457	100	100
SRX1464555	17908	7943	100	100
SRX1464556	18156	8477	100	100
SRX1464557	19365	8647	100	100
SRX1464558	14102	6502	100	100
SRX1464559	22311	10028	100	100
SRX1464560	20301	9677	100	100
SRX1464561	9063	4059	100	100
SRX1464562	13271	5839	100	100
SRX1464563	19509	9446	100	100
SRX1464564	24086	9173	100	100
SRX1464565	20525	8764	100	100
SRX1464566	14407	6396	100	100
SRX1464567	12309	6447	100	100
SRX1464568	15802	7687	100	100
SRX1464569	18118	8204	100	100
SRX1464570	19414	8722	100	100
SRX1464571	15237	7401	100	100
SRX1464572	15262	6361	100	100
SRX1464573	17308	7956	100	100
SRX1464574	23339	10854	100	100
SRX1464575	19512	9189	100	100
SRX1464576	14860	6544	100	100
SRX1464577	17740	8510	100	100
SRX1464578	24221	11409	100	100
SRX1464579	19573	8685	100	100
SRX1464580	20613	9312	100	100
SRX1464581	74860	28406	100	100
SRX1464582	20106	9370	100	100
SRX1464583	12829	6435	100	100
SRX1464584	29283	12871	100	100
SRX1464585	18106	8493	100	100
SRX1464586	22808	9965	100	100
SRX1464587	15700	7327	100	100
SRX1464588	15392	7394	100	100
SRX1464589	16380	7684	100	100
SRX1464590	18521	7318	100	100
SRX1464591	19807	7620	100	100
SRX1464592	18173	7720	100	100
SRX1464593	17689	7942	100	100
SRX1464594	13258	6228	100	100
SRX1464595	18085	8340	100	100
SRX1464596	18744	8336	100	100
SRX1464597	15921	7871	100	100
SRX1464598	20279	8856	100	100
SRX1464599	13182	6194	100	100
SRX1464600	19992	8887	100	100
SRX1464601	16335	7149	100	100
SRX1464602	15640	7812	100	100
SRX1464603	16684	7211	100	100
SRX1464604	12022	5224	100	100
SRX1464605	16479	7395	100	100
SRX1464606	20710	9250	100	100
SRX1464607	17364	8508	100	100
SRX1464608	18906	8914	100	100
SRX1464609	21736	10528	100	100
SRX1464610	20045	8882	100	100
SRX1464611	16329	7065	100	100
SRX1464612	23378	10548	100	100
SRX1464613	15986	7520	100	100
SRX1464614	19488	10356	100	100
SRX1464615	16419	7564	100	100
SRX1464616	21051	8380	100	100
SRX1464617	31825	11667	100	100
SRX1464618	12960	5983	100	100
SRX1464619	18249	8682	100	100
SRX1464620	18167	7957	100	100
SRX1464621	14344	6753	100	100
SRX1464622	19250	9276	100	100
SRX1464623	14556	6927	100	100
SRX1464624	27328	13084	100	100
SRX1464625	22357	10869	100	100
SRX1464626	19816	8160	100	100
SRX1464627	17352	8656	100	100
SRX1464628	19141	9238	100	100
SRX1464629	18256	8440	100	100
SRX1464630	20901	9921	100	100
SRX1464631	20510	9938	100	100
SRX1464632	12821	5422	100	100
SRX1464633	18272	7920	100	100
SRX1464634	7094	3177	100	100
SRX1464635	21862	10539	100	100
SRX1464636	16893	8189	100	100
SRX1464637	19181	9555	100	100
SRX1464638	14937	7082	100	100
SRX1464639	18173	6805	100	100
SRX1464640	17918	7505	100	100
SRX1464642	22214	9304	100	100
SRX1464643	16848	8143	100	100
SRX1464644	15638	7188	100	100
SRX1464645	15977	7498	100	100
SRX1464646	19384	9100	100	100
SRX1464647	27233	11982	100	100
SRX1464649	16953	7794	100	100
SRX1464650	9270	4044	100	100
SRX1464651	16812	7450	100	100
SRX1464652	17925	7869	100	100
SRX1464653	17005	7971	100	100
SRX1464654	19510	8535	100	100
SRX1464655	14594	6582	100	100
SRX1464656	19747	9215	100	100
SRX1464657	22662	9023	100	100
SRX1464658	4233	1825	100	100
SRX1464659	20282	9309	100	100
SRX1464660	20980	11008	100	100
SRX1464661	17003	6828	100	100
SRX1464662	37142	16711	100	100
SRX1464663	19383	8602	100	100
SRX1464664	20419	10362	100	100
SRX1464665	16742	7058	100	100
SRX1464666	16048	7613	100	100
SRX1464667	9992	4603	100	100
SRX1464668	22415	8831	100	100
SRX1464669	25717	11779	100	100
SRX1464670	24006	9902	100	100
SRX1464671	14351	6722	100	100
SRX1464672	21838	10237	100	100
SRX1464673	15177	7631	100	100
SRX1464674	19166	9205	100	100
SRX1464675	16684	6665	100	100
SRX1464676	18646	8803	100	100
SRX1464677	13274	5990	100	100
SRX1464678	16791	7484	100	100
SRX1464679	13513	6117	100	100
SRX1464680	17803	8334	100	100
SRX1464681	14075	5724	100	100
SRX1464682	9651	4484	100	100
SRX1464683	21524	9530	100	100
SRX1464684	15227	6614	100	100
SRX1464685	2638	992	100	100
SRX1464686	21703	9938	100	100
SRX1464687	23580	10475	100	100
SRX1464688	20141	8821	100	100
SRX1464689	21737	10047	100	100
SRX1464690	19442	9053	100	100
SRX1464691	15502	6886	100	100
SRX1464692	13543	6069	100	100
SRX1464693	16915	7197	100	100
SRX1464694	18403	8627	100	100
SRX1464695	14785	6089	100	100
SRX1464696	17633	7804	100	100
SRX1464697	24919	10449	100	100
SRX1464698	25066	8907	100	100
SRX1464699	18229	7980	100	100
SRX1464700	19639	9342	100	100
SRX1464701	8	3	100	100
SRX1464702	24660	11216	100	100
SRX1464703	26977	12106	100	100
SRX1464704	19702	9932	100	100
SRX1464705	19879	8434	100	100
SRX1464706	18208	9068	100	100
SRX1464707	17268	9120	100	100
SRX1464708	14117	6660	100	100
SRX1464709	15739	8219	100	100
SRX1464710	33385	12965	100	100
SRX1464711	29414	11642	100	100
SRX1464712	18006	8146	100	100
SRX1464713	12589	5750	100	100
SRX1464714	17123	8372	100	100
SRX1464715	25025	12445	100	100
SRX1464716	18176	7725	100	100
SRX1464717	18086	8245	100	100
SRX2235143	8099609	6914208	151	151
SRX2235144	4175340	3731183	151	151
SRX2235145	5358344	4482391	151	151
SRX2235147	4312574	3799852	151	151
SRX2235148	1036073	912145	151	151
SRX2235149	12088510	10727169	151	151
SRX2235150	8611342	6953842	151	151
SRX2235151	9934272	8261830	151	151
SRX2235152	7576334	7177906	151	151
SRX2235155	9354254	8206352	151	151
SRX2235275	488697	424467	151	151
SRX2235281	431103	364737	151	151
SRX2235282	256733	244675	151	151
SRX2235283	1538211	1277278	151	151
SRX2235286	511683	436587	151	151
SRX2235287	884646	798871	151	151
SRX2235297	3684600	3312729	151	151
SRX2235301	3352667	2846358	151	151
SRX2235302	2713649	2445965	151	151
SRX2235304	3900083	3192978	151	151
SRX2235305	4254210	3518632	151	151
SRX2235310	11803767	11039735	151	151
SRX2235319	12482992	11538869	151	151
SRX2235320	16674783	15822938	151	151
SRX2235321	22506755	20185262	151	151
SRX2235322	11301960	10489422	151	151
SRX2235323	12806817	11978223	151	151
SRX2235324	4272970	3857326	151	151
SRX2235326	10054001	9148119	151	151
SRX2235336	1317939	1161539	151	151
SRX2235337	10144467	8881057	151	151
SRX2235338	13297597	12088386	151	151
SRX2235339	11657028	9678352	151	151
SRX2235340	10671145	9016658	151	151
SRX2235341	12843599	9974421	151	151
SRX2235342	6423656	5507696	151	151
SRX2235343	29957	6232	151	151
SRX2235344	8352660	6870376	151	151
SRX2235355	5191514	4236529	151	151
SRX2235364	11371271	10183802	151	151
SRX2235365	9089853	7941431	151	151
SRX2235366	5076006	4743934	151	151
SRX2235367	8150563	7158454	151	151
SRX2235369	15519978	14602344	151	151
SRX2235370	1061485	874387	151	151
SRX2235371	6852672	6442873	151	151
SRX2235372	12739951	11937391	151	151
SRX2235373	14328911	13152897	151	151
SRX2235374	8936148	8282715	151	151
SRX2235375	2224606	1943668	151	151
SRX2235376	9990847	8601648	151	151
SRX2235377	11754144	11062597	151	151
SRX2235378	10216056	8816168	151	151
SRX2235379	12112358	11622519	151	151
SRX2235380	6297148	5825729	151	151
SRX2235381	11338509	9994973	151	151
SRX2235382	3425046	2843388	151	151
SRX2235383	4569290	4350125	151	151
SRX2235384	9587449	8092199	151	151
SRX2235385	4658429	4247385	151	151
SRX2235386	12947084	11535165	151	151
SRX2235387	12133528	11116478	151	151
SRX2235388	10245428	9403592	151	151
SRX2235389	5270167	4491809	151	151
SRX2235390	6988159	5408818	151	151
SRX2235391	7403288	6689432	151	151
SRX2235392	8469835	7148227	151	151
SRX2235393	4838232	4106306	151	151
SRX2235394	13665505	12057623	151	151
SRX2235395	8008402	7092859	151	151
SRX2235396	6639737	5858800	151	151
SRX1569872	28663354	21621699	100	100
SRX1569880	27585815	20586874	100	100
SRX1569890	22931465	17026209	100	100
SRX1569917	22739176	16028091	100	100
SRX1595811	36000000	33338507	100	100
SRX1595812	36000000	33393209	100	100
SRX1595813	36000000	33378953	100	100
SRX1595814	36000000	33402331	100	100
SRX1639883	35238340	28015003	101	101
SRX1639884	36000000	28090252	101	101
SRX1639885	96104972	75426767	101	101
SRX1639886	52072431	42134328	101	101
SRX1639887	43339964	34431970	101	101
SRX1639888	77394715	63034921	101	101
SRX1639889	52600789	42179504	101	101
SRX1639890	56440126	44063583	101	101
SRX1639891	75015307	58914248	101	101
SRX1639892	59639734	48284770	101	101
SRX1639893	43849261	33766542	101	101
SRX1639894	51971770	40485709	101	101
SRX1639895	83796677	62994209	101	101
SRX1639896	30833980	24707074	101	101
SRX1639897	74792207	59325480	101	101
SRX1639898	62140958	47867500	101	101
SRX1639899	74854286	59228336	101	101
SRX1639900	68038794	52243540	101	101
SRX1639901	63106620	50776987	101	101
SRX1639902	68118081	54126858	101	101
SRX1639903	61254474	47785508	101	101
SRX1639904	28394339	23148304	101	101
SRX1639905	73218485	56444500	101	101
SRX1639906	64835413	51524797	101	101
SRX1639907	72725081	57001419	101	101
SRX1639908	39885893	31281569	101	101
SRX1639909	51128114	40782417	101	101
SRX1639910	45064573	35654032	101	101
SRX1639911	81518130	63397757	101	101
SRX1639912	66745863	53033898	101	101
SRX1639913	54961722	42486084	101	101
SRX1639914	51804372	41824658	101	101
SRX1639915	62669831	49065627	101	101
SRX1639916	48414231	38195394	101	101
SRX1639917	75517108	59084104	101	101
SRX1639918	31547164	24779764	101	101
SRX1639919	76944344	60278518	101	101
SRX1639920	35992986	29391463	101	101
SRX1639921	75068740	58805601	101	101
SRX1639922	39723371	31710513	101	101
SRX1639923	36827246	28840371	101	101
SRX1639924	96778886	75961190	101	101
SRX1639925	73782894	58397990	101	101
SRX1639926	23041212	18389875	101	101
SRX1639927	61699048	46965865	101	101
SRX1639928	68837701	54740445	101	101
SRX1639929	48513304	37264017	101	101
SRX1639930	24590112	19647385	101	101
SRX1799610	33775821	21912378	125	125
SRX1799611	32917808	22307999	125	125
SRX1799612	37125843	25516298	125	125
SRX1799613	33374598	22929711	125	125
SRX1799614	33405755	22784770	125	125
SRX1799615	31535930	21681990	125	125
SRX1799616	29120084	18952304	125	125
SRX1799617	32680054	21602225	125	125
SRX1799618	35465160	24399825	125	125
SRX1799619	36515617	24491561	125	125
SRX1799620	37094060	24345631	125	125
SRX1812277	14017	8481	100	100
SRX1812278	11526	7258	100	100
SRX1812279	9855	6055	100	100
SRX1812280	12665	7608	100	100
SRX1812281	15350	9339	100	100
SRX1812282	13727	8405	100	100
SRX1812283	46181	38741	100	100
SRX1812285	16040	12407	100	100
SRX1812286	14061	8971	100	100
SRX1812287	16751	13787	100	100
SRX1812288	16435	10796	100	100
SRX1812289	12184	6875	100	100
SRX1812290	11874	8590	100	100
SRX1812291	14164	8167	100	100
SRX1812292	13431	8058	100	100
SRX1812293	13816	8346	100	100
SRX1812294	11153	7020	100	100
SRX1812296	17364	10844	100	100
SRX1812297	15099	9843	100	100
SRX1812298	11516	6677	100	100
SRX1812299	15247	9495	100	100
SRX1812300	12614	8076	100	100
SRX1812301	18248	14870	100	100
SRX1812302	12537	7616	100	100
SRX1812303	7067	4183	100	100
SRX1812304	12762	8755	100	100
SRX1812305	17568	11540	100	100
SRX1812306	11697	7810	100	100
SRX1812307	12157	7498	100	100
SRX1812308	13444	8574	100	100
SRX1812309	11838	6930	100	100
SRX1812311	18227	15620	100	100
SRX1812312	16587	10294	100	100
SRX1812313	12346	7886	100	100
SRX1812314	9968	5982	100	100
SRX1812315	14495	9012	100	100
SRX1812316	9861	6399	100	100
SRX1812317	6187	4081	100	100
SRX1812318	12005	7639	100	100
SRX1812319	7804	4638	100	100
SRX1812320	12726	7360	100	100
SRX1812321	14191	9181	100	100
SRX1812322	15059	9155	100	100
SRX1812323	14675	9376	100	100
SRX1812325	12437	7837	100	100
SRX1812326	14845	9667	100	100
SRX1812327	17546	10508	100	100
SRX1812328	10083	5598	100	100
SRX1812329	16092	10040	100	100
SRX1812330	17064	10745	100	100
SRX1812331	15165	9801	100	100
SRX1812332	12936	7998	100	100
SRX1812333	15610	10011	100	100
SRX1812334	14112	8409	100	100
SRX1812335	11131	7013	100	100
SRX1812336	14957	9399	100	100
SRX1812337	18238	11441	100	100
SRX1812338	12384	7384	100	100
SRX1812339	12682	7789	100	100
SRX1812340	13354	8046	100	100
SRX1812341	15671	10310	100	100
SRX1812342	15942	10079	100	100
SRX1812343	16498	10466	100	100
SRX1812345	11258	7134	100	100
SRX1812346	10211	6451	100	100
SRX1812347	13890	9202	100	100
SRX1812348	14991	9446	100	100
SRX1812349	9194	5215	100	100
SRX1812350	12314	7597	100	100
SRX1812351	14784	9930	100	100
SRX1812352	13140	8282	100	100
SRX1812353	10711	7187	100	100
SRX1812354	17299	14523	100	100
SRX1812355	17290	11279	100	100
SRX1812356	17818	10546	100	100
SRX1812358	12305	8135	100	100
SRX1812359	13921	8409	100	100
SRX1812360	14696	8536	100	100
SRX1812361	13494	9351	100	100
SRX1812362	11854	8195	100	100
SRX1812364	15292	10419	100	100
SRX1812365	17136	10873	100	100
SRX1812366	14580	8803	100	100
SRX1812368	13385	7166	100	100
SRX1812369	14395	8948	100	100
SRX1812370	57607	47269	100	100
SRX1812372	14793	9137	100	100
SRX1812373	8462	4981	100	100
SRX1812374	14378	8758	100	100
SRX1812375	2699	1503	100	100
SRX1812376	23529	18964	100	100
SRX1812377	15220	10004	100	100
SRX1812378	11666	6426	100	100
SRX1812379	11918	7304	100	100
SRX1812380	17436	10903	100	100
SRX1812382	10768	6431	100	100
SRX1812383	16265	10146	100	100
SRX1812384	11475	7664	100	100
SRX1812385	11170	6629	100	100
SRX1812386	11410	6786	100	100
SRX1812387	14867	9477	100	100
SRX1812389	18505	10873	100	100
SRX1812390	18742	15633	100	100
SRX1812391	16237	9099	100	100
SRX1812392	13326	7900	100	100
SRX1812393	17320	12277	100	100
SRX1812394	18247	11393	100	100
SRX1812395	10553	6380	100	100
SRX1812396	11986	7027	100	100
SRX1812398	22432	18334	100	100
SRX1812399	10608	6377	100	100
SRX1812400	13336	8487	100	100
SRX1812401	15307	9390	100	100
SRX1812402	14409	8874	100	100
SRX1812403	14690	9632	100	100
SRX1812404	15989	12676	100	100
SRX1812405	11044	6274	100	100
SRX1812406	15099	9395	100	100
SRX1812408	9984	5494	100	100
SRX1812409	9568	5531	100	100
SRX1812410	8054	5104	100	100
SRX1812411	14063	8569	100	100
SRX1812412	16475	13535	100	100
SRX1812413	15281	9398	100	100
SRX1812414	14384	8843	100	100
SRX1812415	11620	7030	100	100
SRX1812416	17911	11067	100	100
SRX1812417	7568	4953	100	100
SRX1812419	11469	6899	100	100
SRX1812420	10095	5829	100	100
SRX1812421	13848	8906	100	100
SRX1812422	17253	10666	100	100
SRX1812424	12047	7490	100	100
SRX1812425	13384	8342	100	100
SRX1812428	12252	7227	100	100
SRX1812429	17566	10885	100	100
SRX1812430	16853	11072	100	100
SRX1812431	7399	4753	100	100
SRX1812432	6870	5235	100	100
SRX1812433	11212	7017	100	100
SRX1812434	21842	12938	100	100
SRX1812435	17345	14376	100	100
SRX1812436	16113	8960	100	100
SRX1812437	15905	10842	100	100
SRX1812439	17789	10711	100	100
SRX1812440	4982	2719	100	100
SRX1812441	14930	9789	100	100
SRX1812442	13969	8276	100	100
SRX1812443	15346	9876	100	100
SRX1812444	12237	7718	100	100
SRX1812445	14604	9034	100	100
SRX1812446	4820	3039	100	100
SRX1812447	12951	7830	100	100
SRX1812448	10861	6275	100	100
SRX1812449	16433	10312	100	100
SRX1812452	15765	9474	100	100
SRX1812453	14064	8261	100	100
SRX1812454	15765	9240	100	100
SRX1812455	12774	7518	100	100
SRX1812456	14872	8752	100	100
SRX1812457	9683	6274	100	100
SRX1812458	13696	11163	100	100
SRX1812459	13556	8168	100	100
SRX1812461	12195	7701	100	100
SRX1812462	19048	12591	100	100
SRX1812463	18503	15387	100	100
SRX1812464	16808	11409	100	100
SRX1812465	12544	8382	100	100
SRX1812466	11235	6419	100	100
SRX1812467	12548	8866	100	100
SRX1812468	13211	8066	100	100
SRX1812469	14629	9088	100	100
SRX1812470	11886	7346	100	100
SRX1812471	12667	8430	100	100
SRX1812473	13961	8158	100	100
SRX1812474	16179	10502	100	100
SRX1812475	11155	6955	100	100
SRX1812476	17680	11638	100	100
SRX1812477	14385	8870	100	100
SRX1812478	13224	7974	100	100
SRX1812479	12340	7782	100	100
SRX1812480	17514	10974	100	100
SRX1812481	13126	6650	100	100
SRX1812482	11202	6741	100	100
SRX1812484	11066	6464	100	100
SRX1812485	9580	5740	100	100
SRX1812486	4267	2648	100	100
SRX1812487	11780	6540	100	100
SRX1812488	14902	9439	100	100
SRX1812489	15971	11789	100	100
SRX1812490	16316	10221	100	100
SRX1812491	15250	10239	100	100
SRX1812493	10978	6617	100	100
SRX1812494	12950	7494	100	100
SRX1812495	11650	7133	100	100
SRX1812496	12594	7858	100	100
SRX1812497	12069	7421	100	100
SRX1812498	16717	10684	100	100
SRX1812499	15231	9467	100	100
SRX1812500	14237	8574	100	100
SRX1812501	11620	6368	100	100
SRX1812503	11586	6989	100	100
SRX1812504	24529	20402	100	100
SRX1812505	5955	3836	100	100
SRX1812506	12222	7977	100	100
SRX1812507	9222	6867	100	100
SRX1812508	13747	8553	100	100
SRX1812510	10305	4779	100	100
SRX1812511	7454	5176	100	100
SRX1812512	19353	11629	100	100
SRX1812513	12937	8251	100	100
SRX1812514	12900	8342	100	100
SRX1812515	15736	9287	100	100
SRX1812516	37770	25110	100	100
SRX1812517	13156	7823	100	100
SRX1812519	13952	9035	100	100
SRX1812520	10506	6134	100	100
SRX1812521	15305	9252	100	100
SRX1812522	11460	6640	100	100
SRX1812523	11307	6639	100	100
SRX1812524	13940	9002	100	100
SRX1812525	16162	10643	100	100
SRX1812527	12016	7627	100	100
SRX1812528	12102	7704	100	100
SRX1812529	14518	9047	100	100
SRX1812530	11496	7080	100	100
SRX1812531	9412	6394	100	100
SRX1812532	10997	6601	100	100
SRX1812533	13789	8442	100	100
SRX1812535	12545	7827	100	100
SRX1812536	10471	7029	100	100
SRX1812537	13716	8753	100	100
SRX1812538	12484	7190	100	100
SRX1812539	16205	13279	100	100
SRX1812540	16234	9681	100	100
SRX1812541	15495	9806	100	100
SRX1812542	10994	6625	100	100
SRX1812543	16698	10308	100	100
SRX1812544	4926	2878	100	100
SRX1812546	13254	7761	100	100
SRX1812547	13265	8110	100	100
SRX1812548	15250	9762	100	100
SRX1812549	12218	7469	100	100
SRX1812550	14347	9727	100	100
SRX1812551	11351	6782	100	100
SRX1812552	19646	12959	100	100
SRX1812553	13506	7980	100	100
SRX1812555	13791	8680	100	100
SRX1812556	13654	8241	100	100
SRX1812557	9239	5555	100	100
SRX1812558	13926	9064	100	100
SRX1812559	14236	8979	100	100
SRX1812560	14889	9174	100	100
SRX1812561	11965	7416	100	100
SRX1812562	13013	8177	100	100
SRX1812564	11350	6692	100	100
SRX1812565	17117	11339	100	100
SRX1812566	14016	8678	100	100
SRX1812567	11169	6709	100	100
SRX1812568	15447	9805	100	100
SRX1812569	9737	5735	100	100
SRX1812570	12203	7049	100	100
SRX1812572	16760	10201	100	100
SRX1812573	11580	7292	100	100
SRX1812574	6042	3600	100	100
SRX1812575	10485	7225	100	100
SRX1812576	13555	9363	100	100
SRX1812577	10816	6517	100	100
SRX1812578	14933	10427	100	100
SRX1812579	15404	10088	100	100
SRX1812580	14948	9950	100	100
SRX1812581	17681	12335	100	100
SRX1812582	7849	4385	100	100
SRX1812583	12029	7500	100	100
SRX1812585	13440	9048	100	100
SRX1812586	15584	9915	100	100
SRX1812587	14756	9419	100	100
SRX1812588	15924	10133	100	100
SRX1812589	10682	6241	100	100
SRX1812590	5980	3324	100	100
SRX1812591	13233	7804	100	100
SRX1812592	11877	6816	100	100
SRX1812593	11373	6921	100	100
SRX1812594	12019	7867	100	100
SRX1812595	17011	11061	100	100
SRX1812597	15847	9768	100	100
SRX1812598	33223	27377	100	100
SRX1812599	14819	9852	100	100
SRX1812600	11661	6852	100	100
SRX1812601	16123	10484	100	100
SRX1812602	15427	9117	100	100
SRX1812603	12804	7465	100	100
SRX1812604	11891	8231	100	100
SRX1812606	13857	8438	100	100
SRX1812607	15576	10057	100	100
SRX1812608	20400	12967	100	100
SRX1812609	13385	8628	100	100
SRX1812610	11678	7745	100	100
SRX1812611	17142	11336	100	100
SRX1812612	16052	9407	100	100
SRX1812614	17647	10667	100	100
SRX1812615	18690	12165	100	100
SRX1812616	14936	10667	100	100
SRX1812617	14657	9086	100	100
SRX1812618	4940	3466	100	100
SRX1812619	13305	8390	100	100
SRX1812620	13573	8333	100	100
SRX1812622	7301	4398	100	100
SRX1812623	12447	7443	100	100
SRX1812624	7348	4517	100	100
SRX1812625	13947	8985	100	100
SRX1812626	8460	5072	100	100
SRX1812627	7624	4686	100	100
SRX1812628	13027	8337	100	100
SRX1812629	9836	4495	100	100
SRX1812630	15236	10748	100	100
SRX1812631	16986	11533	100	100
SRX1812632	15340	9229	100	100
SRX1812633	12668	7462	100	100
SRX1812634	11877	7769	100	100
SRX1812635	15816	11345	100	100
SRX1812637	5870	3517	100	100
SRX1812638	11028	6499	100	100
SRX1812639	11510	7253	100	100
SRX1812640	9695	5963	100	100
SRX1812641	13625	8307	100	100
SRX1812642	10056	6524	100	100
SRX1812645	23709	19863	100	100
SRX1812646	15489	9445	100	100
SRX1812647	12515	7867	100	100
SRX1812648	11694	7781	100	100
SRX1812649	9077	6012	100	100
SRX1812650	18047	11558	100	100
SRX1812651	15717	10348	100	100
SRX1812652	9326	6365	100	100
SRX1812654	11607	8027	100	100
SRX1812655	19552	12173	100	100
SRX1812656	10739	6631	100	100
SRX1812657	14932	8526	100	100
SRX1812658	13153	7243	100	100
SRX1812659	24316	19378	100	100
SRX1812660	16887	11414	100	100
SRX1812661	4974	3093	100	100
SRX1812663	15708	9411	100	100
SRX1812664	17992	12408	100	100
SRX1812665	13925	9228	100	100
SRX1812666	13970	8319	100	100
SRX1812667	16599	11544	100	100
SRX1812668	11973	7906	100	100
SRX1812669	13493	9635	100	100
SRX1812670	18370	11300	100	100
SRX1812672	12249	7815	100	100
SRX1812673	15626	10219	100	100
SRX1812674	15072	9137	100	100
SRX1812675	14718	8200	100	100
SRX1812676	14587	9540	100	100
SRX1812677	16299	10485	100	100
SRX1812678	9285	5618	100	100
SRX1812679	17289	10549	100	100
SRX1812681	4320	2426	100	100
SRX1812682	7413	4460	100	100
SRX1812683	10507	6133	100	100
SRX1812684	13261	7875	100	100
SRX1812685	6924	4750	100	100
SRX1812686	13101	9408	100	100
SRX1812687	9979	5881	100	100
SRX1812688	12095	7518	100	100
SRX1812689	15753	9928	100	100
SRX1812691	7961	4579	100	100
SRX1812692	9359	5502	100	100
SRX1812693	14034	8837	100	100
SRX2037428	30185424	20418980	125	125
SRX2037482	3887626	2628042	125	125
SRX2037501	35519152	23782041	125	125
SRX2037503	28269765	18412873	125	125
SRX2037532	6747576	4397199	125	125
SRX2037534	76021644	50393596	125	125
SRX2037539	30999664	21156008	125	125
SRX2037543	52997869	36788348	125	125
SRX2037544	38625198	26278095	125	125
SRX2037545	37319742	26274302	125	125
SRX2037546	33101118	21294664	125	125
SRX2037547	33578474	21757860	125	125
SRX2037548	31672459	21524931	125	125
SRX2037549	33560307	23613978	125	125
SRX2037556	39952519	27965615	125	125
SRX2037557	39844729	27990272	125	125
SRX2037558	33682639	23786923	125	125
SRX2037559	36206426	24559678	125	125
SRX2267994	17673890	13821900	100	100
SRX2267995	15218645	11930561	100	100
SRX2267997	16278682	13003010	100	100
SRX2268002	12456256	9887238	100	100
SRX2268004	9930190	7949830	100	100
SRX2268018	11206043	8960930	100	100
SRX2268019	15193450	11989453	100	100
SRX2268021	10063688	7715254	100	100
SRX2268023	16302674	12874906	100	100
SRX2268025	11792259	9249338	100	100
SRX2268026	14307151	11156579	100	100
SRX2268027	10706033	8284149	100	100
SRX2268029	15122568	11698227	100	100
SRX2745108	14802739	9565551	201	201
SRX2745109	11934984	8597561	201	201
SRX2745110	15625888	11540369	201	201
SRX2745111	16595441	10567528	201	201
SRX2745112	14425016	9472580	201	201
SRX2745113	16511169	10658823	201	201
SRX2745114	28590179	20926399	201	201
SRX2745115	15683466	10855955	201	201
SRX2745116	15846549	11528382	201	201
SRX2745117	13571706	9056493	201	201
SRX2754923	22206828	15523488	100	100
SRX2754924	23721567	16870606	100	100
SRX2754925	17431628	12385873	100	100
SRX2754926	25108256	18110804	100	100
SRX2754927	23248565	16209629	100	100
SRX2754928	12458775	8806648	100	100
SRX2789420	26177539	15820096	50	50
SRX2789421	28032986	16763405	50	50
SRX2789422	23054669	13816814	50	50
SRX2789423	41354976	24950262	51	51
SRX2789424	34688031	21093068	51	51
SRX2789425	37267463	23077818	51	51
SRX2789426	31388001	19186740	50	50
SRX2789427	28713972	17254269	50	50
SRX2789428	32543461	19358830	51	51
SRX2789429	35007247	21150134	51	51
SRX2789430	34927907	20831473	51	51
SRX2789431	30466425	18750016	51	51
SRX2789432	32485455	20020567	51	51
SRX2789433	30674991	18482521	51	51
SRX2789434	29047089	17848284	51	51
SRX2789435	33224251	20165572	51	51
SRX2789436	30197038	18254112	51	51
SRX2789437	36173793	21747505	51	51
SRX2789438	32286222	19679292	51	51
SRX2789439	25821721	15326673	51	51
SRX2789440	32804165	20130109	51	51
SRX2789441	26703585	15665322	51	51
SRX2789442	32736039	20357815	51	51
SRX2789443	27512994	16665113	51	51
SRX2789444	30756470	16188231	51	51
SRX2789445	30061312	15909376	51	51
SRX2789446	27324317	14374423	51	51
SRX2789447	29112195	15274162	51	51
SRX2789448	26673321	14114325	51	51
SRX2789449	22685107	11924104	51	51
SRX2789450	26326977	14024671	51	51
SRX2789451	27007371	14203606	51	51
SRX2789452	29518730	15181825	51	51
SRX2789453	26167583	13647570	51	51
SRX2789454	29217897	15330087	51	51
SRX2789455	27260571	14309781	51	51
SRX2789456	26781671	13959260	51	51
SRX2789457	27419886	14466874	51	51
SRX2789458	30918326	16284160	51	51
SRX2789459	28230482	14625018	51	51
SRX2789460	27211710	14020910	51	51
SRX2789461	29292820	15307212	51	51
SRX2789462	30688634	15973298	51	51
SRX2789463	28672943	15051937	51	51
SRX2789464	25468100	13256863	51	51
SRX2789465	28278478	15086737	51	51
SRX2789466	27687040	14775967	51	51
SRX2789467	26362754	13842367	51	51
SRX2789468	27278027	19725960	51	51
SRX2789469	29069839	21155282	51	51
SRX2789470	26733047	19198879	51	51
SRX2789471	28483242	19924940	51	51
SRX2789472	28355536	19980311	51	51
SRX2789473	23526268	15949652	51	51
SRX2789474	29968543	21549786	51	51
SRX2789475	24680426	17437682	51	51
SRX2789476	26426473	18789545	51	51
SRX2789477	24156592	16572213	51	51
SRX2789478	26029829	18406456	51	51
SRX2789479	24959677	17813575	51	51
SRX2789480	27565371	19386833	51	51
SRX2789481	34784641	24731591	51	51
SRX2789482	27389247	19388149	51	51
SRX2789483	27811459	19567878	51	51
SRX2789484	24844738	17778660	51	51
SRX2789485	23604639	16192694	51	51
SRX2789486	25697375	18146312	51	51
SRX2789487	30457280	21423040	51	51
SRX2789488	30287345	21596296	51	51
SRX2789489	23683436	18131967	51	51
SRX2789490	28547431	20218553	51	51
SRX2789491	33932958	23952452	51	51
SRX2789492	29348977	16919897	51	51
SRX2789493	24050348	13824953	51	51
SRX2789494	26579106	15074043	51	51
SRX2789495	24104499	13394369	51	51
SRX2789496	26850253	15224875	51	51
SRX2789497	26845473	15220795	51	51
SRX2789498	28278445	15904513	51	51
SRX2789499	30042271	16857875	51	51
SRX2789500	27141981	15477909	51	51
SRX2789501	27641021	15697562	51	51
SRX2789502	27227560	15626735	51	51
SRX2789503	27467424	15596876	51	51
SRX2789504	21937977	12725797	51	51
SRX2789505	25370757	14647224	51	51
SRX2789506	25284841	14200622	51	51
SRX2789507	26680660	15105364	51	51
SRX2789508	25502000	15056897	51	51
SRX2789509	24075012	13222206	51	51
SRX2789510	24639433	13635823	51	51
SRX2789511	28812384	16112501	51	51
SRX2789512	24690283	13716828	51	51
SRX2789513	25127701	14905856	51	51
SRX2789514	26293117	15129140	51	51
SRX2789515	26308899	14575852	51	51
SRX2789516	29232957	18273926	51	51
SRX2789517	28537020	16566201	51	51
SRX2789518	23510017	14199340	51	51
SRX2789519	22123892	13934564	51	51
SRX2789520	27628772	17153303	51	51
SRX2789521	21411739	13611145	51	51
SRX2789522	25394370	14892009	51	51
SRX2789523	28115218	17583655	51	51
SRX2789524	22232118	15760517	51	51
SRX2789525	24461879	15747811	51	51
SRX2789526	26684189	16613154	51	51
SRX2789527	22606965	13427633	51	51
SRX2789528	26251850	16597909	51	51
SRX2789529	22321477	13598392	51	51
SRX2789530	22982400	14120543	51	51
SRX2789531	23807343	14434882	51	51
SRX2789532	26306148	16470179	51	51
SRX2789533	21903404	12386675	51	51
SRX2789534	23873670	15881723	51	51
SRX2789535	27808619	17320999	51	51
SRX2789536	28227286	17602243	51	51
SRX2789537	28484469	16276117	51	51
SRX2789538	24161589	14023951	51	51
SRX2789539	29929267	17921437	51	51
SRX2789540	26208631	15624076	51	51
SRX2789541	30872838	19118286	51	51
SRX2789542	29132912	18354044	51	51
SRX2789543	26705442	15285793	51	51
SRX2789544	25392684	14492685	51	51
SRX2789545	33568606	20933685	51	51
SRX2789546	30264287	18027735	51	51
SRX2789547	25464252	15777497	51	51
SRX2789548	27009058	16747153	51	51
SRX2789549	28574987	17589580	51	51
SRX2789550	29667683	17873315	51	51
SRX2789551	30653703	18973321	51	51
SRX2789552	25753306	15621889	51	51
SRX2789553	25351935	15470634	51	51
SRX2789554	32912893	19255746	51	51
SRX2789555	34580806	21497079	51	51
SRX2789556	34702806	18575256	51	51
SRX2789557	35042210	21479473	51	51
SRX2789558	28018176	17086428	51	51
SRX2789559	29581883	17718641	51	51
SRX2789560	27360035	16134260	51	51
SRX2789561	32616683	19722066	51	51
SRX2789562	28163287	17781317	51	51
SRX2789563	28759122	18132764	51	51
SRX2789564	26109361	14888692	51	51
SRX2789565	28224110	16020748	51	51
SRX2789566	28629320	16327654	51	51
SRX2789567	27955883	15941799	51	51
SRX2789568	24523785	13778095	51	51
SRX2789569	24567880	14018705	51	51
SRX2789570	25574174	13666744	51	51
SRX2789571	27132207	15268244	51	51
SRX2789572	26791601	14185794	51	51
SRX2789573	30772211	17830584	51	51
SRX2789574	24226835	12737535	51	51
SRX2789575	25148415	14465026	51	51
SRX2789576	30068301	16641181	51	51
SRX2789577	29250859	16127868	51	51
SRX2789578	25501713	14729301	51	51
SRX2789579	28138254	15035826	51	51
SRX2789580	30569937	16925793	51	51
SRX2789581	27732418	15340908	51	51
SRX2789582	23850718	13272878	51	51
SRX2789583	27838795	15614659	51	51
SRX2789584	28268999	14769569	51	51
SRX2789585	26451356	14722064	51	51
SRX2789586	27660979	15004990	51	51
SRX2789587	27216935	14832581	51	51
SRX2789588	22475750	12265984	51	51
SRX2789589	23022134	12574186	51	51
SRX2789590	26594943	14545574	51	51
SRX2789591	26398042	14543317	51	51
SRX2789592	22402730	12343074	51	51
SRX2789593	30296059	16864841	51	51
SRX2789594	26330372	14284731	51	51
SRX2789595	28265528	15270856	51	51
SRX2789596	25101431	13690975	51	51
SRX2789597	23714952	13222348	51	51
SRX2789598	22061385	12033264	51	51
SRX2789599	28047725	16436542	51	51
SRX2789600	26725371	16200918	51	51
SRX2789601	21562931	13024258	51	51
SRX2789602	27681158	16031285	51	51
SRX2789603	21924437	12585509	51	51
SRX2789604	27926835	15994560	51	51
SRX2789605	27767588	16388597	51	51
SRX2789606	23541077	14434042	51	51
SRX2789607	28340907	16875235	51	51
SRX2789608	27753470	16570757	51	51
SRX2789609	22115785	13015604	51	51
SRX2789610	25589274	14617494	51	51
SRX2789611	30540501	17431848	51	51
SRX2789612	23485438	14348718	51	51
SRX2789613	27026299	15699149	51	51
SRX2789614	26540906	15507884	51	51
SRX2789615	27489659	16134357	51	51
SRX2789616	27837140	17327369	51	51
SRX2789617	25909811	15071015	51	51
SRX2789618	22792897	13112674	51	51
SRX2789619	21259731	12677034	51	51
SRX2789620	27241089	16213968	51	51
SRX2789621	27256467	16651723	51	51
SRX2789622	23339684	13686381	51	51
SRX2789623	28875772	17763814	51	51
SRX2789624	26904419	15985557	51	51
SRX2789625	29828235	17991720	51	51
SRX2789626	21010178	12679616	51	51
SRX2789627	20986682	12945022	51	51
SRX2789628	22582365	14107902	51	51
SRX2789629	32328628	19476243	51	51
SRX2789630	26395961	15992378	51	51
SRX2789632	27811155	17290269	51	51
SRX2789633	27946597	17228744	51	51
SRX2789634	27825908	17023025	51	51
SRX2789635	24003389	13242604	50	50
SRX2789636	23240635	11835214	50	50
SRX2789637	22567852	11308482	50	50
SRX2789638	23850684	14097292	51	51
SRX2789639	27738380	14232079	51	51
SRX2789640	23768402	13336696	50	50
SRX2789641	31764304	16808750	51	51
SRX2789642	31991778	17495064	51	51
SRX2789643	29811694	16812428	51	51
SRX2789644	30204343	17202570	51	51
SRX2789645	31946888	18203279	51	51
SRX2789646	29752445	16857421	51	51
SRX2789647	26001590	15845258	51	51
SRX2789648	30190119	17375591	51	51
SRX2789649	27581933	16408872	51	51
SRX2789650	30523958	17837977	51	51
SRX2789651	28146367	16032957	51	51
SRX2789652	28097242	16367653	51	51
SRX2789653	26111628	13628638	51	51
SRX2789654	26813991	15491986	51	51
SRX2789655	27375169	15560570	51	51
SRX2789656	29685784	15170198	51	51
SRX2789657	32378983	18493345	51	51
SRX2793930	34752342	29091796	51	51
SRX2793931	34511706	29371731	51	51
SRX2793932	27155713	23244304	51	51
SRX2793933	26571133	22856663	51	51
SRX2793934	26765088	22400539	51	51
SRX2793935	31247891	26540388	51	51
SRX2793936	25282911	21564006	51	51
SRX2793937	30513469	26368883	51	51
SRX2793938	32716653	27998930	51	51
SRX2883366	4297226	3418415	100	100
SRX2883373	3160768	2279721	100	100
SRX2883375	7937408	4080450	100	100
SRX2883376	5749954	3325355	100	100
SRX2883378	1380686	775308	100	100
SRX2883379	8370756	6310179	100	100
SRX2883381	5750709	4414083	100	100
SRX2883390	2495334	1600223	100	100
SRX2992350	2455571	1648296	101	101
SRX2992354	5535130	3581792	101	101
SRX2992355	15778273	10802886	101	101
SRX2992356	9296556	6037060	101	101
SRX2992357	9002728	6190642	101	101
SRX2992358	7073992	2583409	101	101
SRX2992359	2895067	1952938	101	101
SRX2992360	2867979	1945914	101	101
SRX2992361	8633399	6177161	101	101
SRX2992362	8509886	4870090	101	101
SRX2992363	4715025	2743225	101	101
SRX2992364	12896902	7418603	101	101
SRX2992366	7699129	5876604	101	101
SRX2992367	5027703	2712761	101	101
SRX2992368	2852129	1722396	101	101
SRX2992404	2414021	1626057	101	101
SRX2992413	2723968	1666952	101	101
SRX2992414	10448641	7849597	101	101
SRX2992415	8514475	6286275	101	101
SRX2992420	905206	671180	101	101
SRX3145887	29649916	12922196	101	101
SRX3145888	21635279	10493266	101	101
SRX3145889	15898566	7526809	101	101
SRX3145890	21571309	10163063	101	101
SRX3145891	16025896	6959476	101	101
SRX3145892	14968909	7380398	101	101
SRX3145894	12334826	5727578	101	101
SRX3174467	35933254	25933685	125	125
SRX3316191	64533691	41164067	101	101
SRX3316192	28556989	20820779	101	101
SRX3316194	73030986	41492408	101	101
SRX3316195	55064609	39652158	101	101
SRX3316196	31934896	25843657	101	101
SRX3316199	83026632	63133150	101	101
SRX3316200	59053890	41319051	101	101
SRX3316201	35927711	27837089	101	101
SRX3316204	77805978	54998024	101	101
SRX3316205	55990721	43128021	101	101
SRX3316206	33858041	26909369	101	101
SRX3316209	71518030	51819535	101	101
SRX3316210	51028249	33917269	101	101
SRX3316211	29502542	22051236	101	101
SRX3316214	81502861	48868672	101	101
SRX3316215	52765274	39494720	101	101
SRX3316216	32712735	26187344	101	101
SRX3316219	69936733	51696733	101	101
SRX3316220	64474890	44473439	101	101
SRX3316221	35435315	26814156	101	101
SRX3316223	72775076	46494309	101	101
SRX3504109	23544425	18154615	100	100
SRX3504110	25977048	19842094	100	100
SRX3504111	27153443	20531359	100	100
SRX3504112	25492192	18281068	100	100
SRX3504113	27515853	21390694	100	100
SRX3504114	26966748	20573620	100	100
SRX3504115	26138920	18729094	100	100
SRX3504116	27561825	21543968	100	100
SRX3790685	69808466	65036272	50	50
SRX3790686	84962667	78711898	50	50
SRX3790687	75565121	70217149	50	50
SRX3790688	74862689	70211309	50	50
SRX3790689	76598350	70725365	50	50
SRX3790690	78381995	73427677	50	50
SRX3790691	70858077	66861584	50	50
SRX3790692	77120838	70560143	50	50
SRX3790693	64935558	60030009	50	50
SRX3790694	69894298	64971699	50	50
SRX3790695	70091668	64480578	50	50
SRX3790696	67011247	63300472	50	50
SRX3790697	66142467	61402378	50	50
SRX3790698	68482027	63329108	50	50
SRX3790699	69079531	63838135	50	50
SRX4744186	9757613	5224962	75	75
