Min, max, average Affymetrix rank and distinct rank count per chip type: 
chipTypeId	chipTypeMaxRank	MIN(t3.rank)	MAX(t3.rank)	AVG(t3.rank)	MIN(t2.chipDistinctRankCount)	MAX(t2.chipDistinctRankCount)	AVG(t2.chipDistinctRankCount)
A-AFFY-1	7637.00	1.00	7637.00	3676.472172	1434	7295	5307.2383
A-AFFY-10	5792.00	1.00	5792.00	2750.371228	2086	5542	4148.6062
A-AFFY-11	4282.00	1.00	4282.00	2012.691161	1465	4150	2888.3579
A-AFFY-12	2666.00	1.00	2666.00	1289.286858	821	2621	1632.9834
A-AFFY-13	3919.00	1.00	3919.00	1846.840351	1185	3821	2527.3947
A-AFFY-14	3782.50	1.00	3782.50	1905.151153	796	3466	2707.6264
A-AFFY-145	12551.50	1.00	12551.50	5795.565488	12058	12144	12092.4586
A-AFFY-15	2191.50	1.00	2191.50	1091.435726	680	1996	1578.3832
A-AFFY-17	10485.00	1.00	10485.00	5194.186068	3187	10419	6884.9754
A-AFFY-18	2549.00	1.00	2549.00	1216.950193	2361	2419	2379.5862
A-AFFY-23	10355.50	1.00	10355.50	5308.912474	6544	8855	7863.2389
A-AFFY-24	8277.00	1.00	8277.00	3752.966138	1283	8273	4403.8786
A-AFFY-25	7347.00	1.00	7347.00	3752.976223	6591	6878	6638.6282
A-AFFY-3	4836.00	1.00	4836.00	2591.673985	3468	4325	3805.0811
A-AFFY-32	3606.00	1.00	3606.00	1790.522260	1080	2895	2085.9695
A-AFFY-33	11186.00	1.00	11186.00	5104.889421	1611	9965	7300.5149
A-AFFY-34	8767.00	1.00	8767.00	3991.877070	1865	7976	5891.2051
A-AFFY-35	10945.00	1.00	10945.00	5937.643409	5644	9903	8664.5501
A-AFFY-36	12041.00	1.00	12041.00	5447.244530	1425	12036	7432.6948
A-AFFY-37	11021.00	1.00	11021.00	5052.256485	6492	8683	7575.5602
A-AFFY-38	8800.00	1.00	8800.00	4257.487864	6016	8797	7091.5523
A-AFFY-41	6237.00	1.00	6237.00	3099.884063	3694	4834	4321.0074
A-AFFY-44	20217.00	1.00	20217.00	8712.543616	5372	16050	13322.7341
A-AFFY-45	18594.00	1.00	18594.00	8061.170670	3142	18577	11929.9947
A-AFFY-6	7595.00	1.00	7595.00	3683.400696	1927	7594	5172.2211
A-AFFY-60	15941.00	1.00	15941.00	7493.535001	6579	15861	9923.5338
A-AFFY-7	6306.00	1.00	6306.00	2938.162197	4115	6245	4955.3412
A-AFFY-8	3272.00	1.00	3272.00	1591.100039	2090	2831	2344.7572
A-AFFY-9	6935.00	1.00	6935.00	3338.075301	3908	6408	4938.8541
A-GEOD-8759	9415.50	1.00	9415.50	4452.592027	8878	8918	8893.2500
