Min, max, average RNA-Seq rank and distinct rank count per species: 
speciesId	MIN(t3.rank)	MAX(t3.rank)	AVG(t3.rank)	MIN(t2.libraryDistinctRankCount)	MAX(t2.libraryDistinctRankCount)	AVG(t2.libraryDistinctRankCount)
6239	1.00	23281.50	10552.081571	9124	20305	18148.2607
7227	1.00	16625.50	7809.846592	7851	15986	13470.9548
7237	1.00	15357.00	7462.442470	12478	15025	14015.0478
7240	1.00	14773.00	7297.906404	11546	14632	13472.4969
7740	1.00	30725.00	15815.500000	17824	29612	25400.8077
7897	1.00	13623.50	6710.050072	12363	13408	12814.0440
7918	1.00	19478.50	9618.626678	16530	19082	18033.6916
7936	1.00	26922.50	13134.379418	20626	26501	23920.1492
7955	1.00	27697.50	13303.680666	14484	27119	23500.8821
7994	1.00	25707.50	12986.188184	19205	25035	22726.8772
8010	1.00	25125.00	12380.009921	18563	24239	21875.6599
8030	1.00	44312.00	22483.460699	27358	42386	38972.0340
8049	1.00	19852.00	9971.346729	15143	19610	18654.1774
8081	1.00	20997.00	10619.466346	18481	20720	19647.1974
8090	1.00	23390.50	11777.082985	9608	22887	18793.4943
8154	1.00	24791.00	12456.874457	15191	24263	18540.2009
8355	1.00	32222.50	16069.325098	21937	31505	27464.3656
8364	1.00	19548.50	9922.915586	12773	18542	16783.3692
9031	1.00	18225.50	8962.264343	14108	17950	16289.4635
9103	1.00	14406.50	7074.526304	211	14187	12278.1477
9258	1.00	17586.00	8827.374221	14414	17267	15869.3899
9483	1.00	21378.50	10866.834650	17370	20430	19158.5131
9531	1.00	22173.00	11031.971650	18991	21410	19809.3414
9541	1.00	23268.50	11527.980587	19095	22484	20592.5376
9544	1.00	28176.00	12011.598265	12530	26508	19106.7540
9545	1.00	23320.00	11400.484097	19073	22743	20545.6201
9555	1.00	24548.00	11093.600498	4608	23974	16241.5216
9593	1.00	23307.50	10691.035925	16655	22488	18746.9677
9597	1.00	20193.50	10321.411589	16922	18829	17878.7679
9598	1.00	26608.00	12208.265375	15889	25022	18714.8369
9606	1.00	46615.00	21812.102779	3	41594	29915.6011
9615	1.00	22872.00	11046.653151	11581	21732	18402.5156
9685	1.00	21708.00	10782.858152	14359	20961	19225.1704
9796	1.00	23286.50	11140.314703	11980	21793	17171.4313
9823	1.00	24774.50	11940.837770	101	23448	17643.7482
9913	1.00	25432.50	11489.300643	7	23621	12155.1929
9925	1.00	20117.00	10297.175509	16404	19237	18112.3247
9940	1.00	22964.00	11036.415144	317	21751	18280.2224
9974	1.00	18931.50	9452.026866	17177	18677	18020.6115
9986	1.00	22022.50	10788.552220	14576	20999	17370.0147
10090	1.00	37659.00	19116.213237	12431	33052	23251.8755
10116	1.00	24955.00	11606.411091	12069	23081	18123.6850
10141	1.00	19155.00	9305.413624	15002	17797	16300.9872
10181	1.00	22778.00	10138.847494	15815	21455	17521.9532
13616	1.00	27128.00	12114.206451	16334	25652	19950.3666
28377	1.00	20476.50	9866.831685	14753	19559	17298.9333
30608	1.00	21461.00	10429.067481	16030	20628	18373.1834
32507	1.00	21500.50	10914.517477	13116	20673	15004.6476
52904	1.00	20068.50	10239.324388	16745	19560	18174.2670
60711	1.00	24972.50	10952.834315	14754	21319	18468.0997
69293	1.00	20184.50	10207.004528	10300	19780	17426.6938
105023	1.00	21271.00	10825.071399	17935	20732	19812.8171
